2 1 0.0003165320647531091
2 41 0.0003165320647531091
2 81 0.0003165320647531091
2 121 0.0003165320647531091
2 161 0.0003165320647531091
2 201 0.0003165320647531091
2 241 0.0003165320647531091
2 281 0.0003165320647531091
2 321 0.0003165320647531091
2 361 0.0003165320647531091
2 401 0.0003165320647531091
2 441 0.0003165320647531091
2 481 0.0003165320647531091
2 521 0.0003165320647531091
2 561 0.0003165320647531091
2 601 0.0003165320647531091
2 641 0.0003165320647531091
2 681 0.0003165320647531091
2 721 0.0003165320647531091
2 761 0.0003165320647531091
2 801 0.0003165320647531091
2 841 0.0003165320647531091
2 881 0.0003165320647531091
2 921 0.0003165320647531091
2 961 0.0003165320647531091

3 1 2.1805560636940293e-5
3 41 2.1805560636940293e-5
3 81 2.1805560636940293e-5
3 121 2.1805560636940293e-5
3 161 2.1805560636940293e-5
3 201 2.1805560636940293e-5
3 241 2.1805560636940293e-5
3 281 2.1805560636940293e-5
3 321 2.1805560636940293e-5
3 361 2.1805560636940293e-5
3 401 2.1805560636940293e-5
3 441 2.1805560636940293e-5
3 481 2.1805560636940293e-5
3 521 2.1805560636940293e-5
3 561 2.1805560636940293e-5
3 601 2.1805560636940293e-5
3 641 2.1805560636940293e-5
3 681 2.1805560636940293e-5
3 721 2.1805560636940293e-5
3 761 2.1805560636940293e-5
3 801 2.1805560636940293e-5
3 841 2.1805560636940293e-5
3 881 2.1805560636940293e-5
3 921 2.1805560636940293e-5
3 961 2.1805560636940293e-5

4 1 0.0002623265250371585
4 41 0.0002623265250371585
4 81 0.0002623265250371585
4 121 0.0002623265250371585
4 161 0.0002623265250371585
4 201 0.0002623265250371585
4 241 0.0002623265250371585
4 281 0.0002623265250371585
4 321 0.0002623265250371585
4 361 0.0002623265250371585
4 401 0.0002623265250371585
4 441 0.0002623265250371585
4 481 0.0002623265250371585
4 521 0.0002623265250371585
4 561 0.0002623265250371585
4 601 0.0002623265250371585
4 641 0.0002623265250371585
4 681 0.0002623265250371585
4 721 0.0002623265250371585
4 761 0.0002623265250371585
4 801 0.0002623265250371585
4 841 0.0002623265250371585
4 881 0.0002623265250371585
4 921 0.0002623265250371585
4 961 0.0002623265250371585

5 1 0.0008009325242112008
5 41 0.0008009325242112008
5 81 0.0008009325242112008
5 121 0.0008009325242112008
5 161 0.0008009325242112008
5 201 0.0008009325242112008
5 241 0.0008009325242112008
5 281 0.0008009325242112008
5 321 0.0008009325242112008
5 361 0.0008009325242112008
5 401 0.0008009325242112008
5 441 0.0008009325242112008
5 481 0.0008009325242112008
5 521 0.0008009325242112008
5 561 0.0008009325242112008
5 601 0.0008009325242112008
5 641 0.0008009325242112008
5 681 0.0008009325242112008
5 721 0.0008009325242112008
5 761 0.0008009325242112008
5 801 0.0008009325242112008
5 841 0.0008009325242112008
5 881 0.0008009325242112008
5 921 0.0008009325242112008
5 961 0.0008009325242112008

6 1 0.0001309892920477345
6 41 0.0001309892920477345
6 81 0.0001309892920477345
6 121 0.0001309892920477345
6 161 0.0001309892920477345
6 201 0.0001309892920477345
6 241 0.0001309892920477345
6 281 0.0001309892920477345
6 321 0.0001309892920477345
6 361 0.0001309892920477345
6 401 0.0001309892920477345
6 441 0.0001309892920477345
6 481 0.0001309892920477345
6 521 0.0001309892920477345
6 561 0.0001309892920477345
6 601 0.0001309892920477345
6 641 0.0001309892920477345
6 681 0.0001309892920477345
6 721 0.0001309892920477345
6 761 0.0001309892920477345
6 801 0.0001309892920477345
6 841 0.0001309892920477345
6 881 0.0001309892920477345
6 921 0.0001309892920477345
6 961 0.0001309892920477345

7 1 0.00023590085589698018
7 41 0.00023590085589698018
7 81 0.00023590085589698018
7 121 0.00023590085589698018
7 161 0.00023590085589698018
7 201 0.00023590085589698018
7 241 0.00023590085589698018
7 281 0.00023590085589698018
7 321 0.00023590085589698018
7 361 0.00023590085589698018
7 401 0.00023590085589698018
7 441 0.00023590085589698018
7 481 0.00023590085589698018
7 521 0.00023590085589698018
7 561 0.00023590085589698018
7 601 0.00023590085589698018
7 641 0.00023590085589698018
7 681 0.00023590085589698018
7 721 0.00023590085589698018
7 761 0.00023590085589698018
7 801 0.00023590085589698018
7 841 0.00023590085589698018
7 881 0.00023590085589698018
7 921 0.00023590085589698018
7 961 0.00023590085589698018

8 1 4.960686919388003e-5
8 41 4.960686919388003e-5
8 81 4.960686919388003e-5
8 121 4.960686919388003e-5
8 161 4.960686919388003e-5
8 201 4.960686919388003e-5
8 241 4.960686919388003e-5
8 281 4.960686919388003e-5
8 321 4.960686919388003e-5
8 361 4.960686919388003e-5
8 401 4.960686919388003e-5
8 441 4.960686919388003e-5
8 481 4.960686919388003e-5
8 521 4.960686919388003e-5
8 561 4.960686919388003e-5
8 601 4.960686919388003e-5
8 641 4.960686919388003e-5
8 681 4.960686919388003e-5
8 721 4.960686919388003e-5
8 761 4.960686919388003e-5
8 801 4.960686919388003e-5
8 841 4.960686919388003e-5
8 881 4.960686919388003e-5
8 921 4.960686919388003e-5
8 961 4.960686919388003e-5

9 1 0.00015265275254723015
9 41 0.00015265275254723015
9 81 0.00015265275254723015
9 121 0.00015265275254723015
9 161 0.00015265275254723015
9 201 0.00015265275254723015
9 241 0.00015265275254723015
9 281 0.00015265275254723015
9 321 0.00015265275254723015
9 361 0.00015265275254723015
9 401 0.00015265275254723015
9 441 0.00015265275254723015
9 481 0.00015265275254723015
9 521 0.00015265275254723015
9 561 0.00015265275254723015
9 601 0.00015265275254723015
9 641 0.00015265275254723015
9 681 0.00015265275254723015
9 721 0.00015265275254723015
9 761 0.00015265275254723015
9 801 0.00015265275254723015
9 841 0.00015265275254723015
9 881 0.00015265275254723015
9 921 0.00015265275254723015
9 961 0.00015265275254723015

10 1 0.00011644482551282364
10 41 0.00011644482551282364
10 81 0.00011644482551282364
10 121 0.00011644482551282364
10 161 0.00011644482551282364
10 201 0.00011644482551282364
10 241 0.00011644482551282364
10 281 0.00011644482551282364
10 321 0.00011644482551282364
10 361 0.00011644482551282364
10 401 0.00011644482551282364
10 441 0.00011644482551282364
10 481 0.00011644482551282364
10 521 0.00011644482551282364
10 561 0.00011644482551282364
10 601 0.00011644482551282364
10 641 0.00011644482551282364
10 681 0.00011644482551282364
10 721 0.00011644482551282364
10 761 0.00011644482551282364
10 801 0.00011644482551282364
10 841 0.00011644482551282364
10 881 0.00011644482551282364
10 921 0.00011644482551282364
10 961 0.00011644482551282364

11 1 4.027610618242113e-5
11 41 4.027610618242113e-5
11 81 4.027610618242113e-5
11 121 4.027610618242113e-5
11 161 4.027610618242113e-5
11 201 4.027610618242113e-5
11 241 4.027610618242113e-5
11 281 4.027610618242113e-5
11 321 4.027610618242113e-5
11 361 4.027610618242113e-5
11 401 4.027610618242113e-5
11 441 4.027610618242113e-5
11 481 4.027610618242113e-5
11 521 4.027610618242113e-5
11 561 4.027610618242113e-5
11 601 4.027610618242113e-5
11 641 4.027610618242113e-5
11 681 4.027610618242113e-5
11 721 4.027610618242113e-5
11 761 4.027610618242113e-5
11 801 4.027610618242113e-5
11 841 4.027610618242113e-5
11 881 4.027610618242113e-5
11 921 4.027610618242113e-5
11 961 4.027610618242113e-5

12 1 7.036808588001408e-5
12 41 7.036808588001408e-5
12 81 7.036808588001408e-5
12 121 7.036808588001408e-5
12 161 7.036808588001408e-5
12 201 7.036808588001408e-5
12 241 7.036808588001408e-5
12 281 7.036808588001408e-5
12 321 7.036808588001408e-5
12 361 7.036808588001408e-5
12 401 7.036808588001408e-5
12 441 7.036808588001408e-5
12 481 7.036808588001408e-5
12 521 7.036808588001408e-5
12 561 7.036808588001408e-5
12 601 7.036808588001408e-5
12 641 7.036808588001408e-5
12 681 7.036808588001408e-5
12 721 7.036808588001408e-5
12 761 7.036808588001408e-5
12 801 7.036808588001408e-5
12 841 7.036808588001408e-5
12 881 7.036808588001408e-5
12 921 7.036808588001408e-5
12 961 7.036808588001408e-5

13 1 3.5780525360347476e-5
13 41 3.5780525360347476e-5
13 81 3.5780525360347476e-5
13 121 3.5780525360347476e-5
13 161 3.5780525360347476e-5
13 201 3.5780525360347476e-5
13 241 3.5780525360347476e-5
13 281 3.5780525360347476e-5
13 321 3.5780525360347476e-5
13 361 3.5780525360347476e-5
13 401 3.5780525360347476e-5
13 441 3.5780525360347476e-5
13 481 3.5780525360347476e-5
13 521 3.5780525360347476e-5
13 561 3.5780525360347476e-5
13 601 3.5780525360347476e-5
13 641 3.5780525360347476e-5
13 681 3.5780525360347476e-5
13 721 3.5780525360347476e-5
13 761 3.5780525360347476e-5
13 801 3.5780525360347476e-5
13 841 3.5780525360347476e-5
13 881 3.5780525360347476e-5
13 921 3.5780525360347476e-5
13 961 3.5780525360347476e-5

14 1 2.3476801424690934e-5
14 41 2.3476801424690934e-5
14 81 2.3476801424690934e-5
14 121 2.3476801424690934e-5
14 161 2.3476801424690934e-5
14 201 2.3476801424690934e-5
14 241 2.3476801424690934e-5
14 281 2.3476801424690934e-5
14 321 2.3476801424690934e-5
14 361 2.3476801424690934e-5
14 401 2.3476801424690934e-5
14 441 2.3476801424690934e-5
14 481 2.3476801424690934e-5
14 521 2.3476801424690934e-5
14 561 2.3476801424690934e-5
14 601 2.3476801424690934e-5
14 641 2.3476801424690934e-5
14 681 2.3476801424690934e-5
14 721 2.3476801424690934e-5
14 761 2.3476801424690934e-5
14 801 2.3476801424690934e-5
14 841 2.3476801424690934e-5
14 881 2.3476801424690934e-5
14 921 2.3476801424690934e-5
14 961 2.3476801424690934e-5

15 1 0.00011449363285863652
15 41 0.00011449363285863652
15 81 0.00011449363285863652
15 121 0.00011449363285863652
15 161 0.00011449363285863652
15 201 0.00011449363285863652
15 241 0.00011449363285863652
15 281 0.00011449363285863652
15 321 0.00011449363285863652
15 361 0.00011449363285863652
15 401 0.00011449363285863652
15 441 0.00011449363285863652
15 481 0.00011449363285863652
15 521 0.00011449363285863652
15 561 0.00011449363285863652
15 601 0.00011449363285863652
15 641 0.00011449363285863652
15 681 0.00011449363285863652
15 721 0.00011449363285863652
15 761 0.00011449363285863652
15 801 0.00011449363285863652
15 841 0.00011449363285863652
15 881 0.00011449363285863652
15 921 0.00011449363285863652
15 961 0.00011449363285863652

16 1 5.78661804821716e-5
16 41 5.78661804821716e-5
16 81 5.78661804821716e-5
16 121 5.78661804821716e-5
16 161 5.78661804821716e-5
16 201 5.78661804821716e-5
16 241 5.78661804821716e-5
16 281 5.78661804821716e-5
16 321 5.78661804821716e-5
16 361 5.78661804821716e-5
16 401 5.78661804821716e-5
16 441 5.78661804821716e-5
16 481 5.78661804821716e-5
16 521 5.78661804821716e-5
16 561 5.78661804821716e-5
16 601 5.78661804821716e-5
16 641 5.78661804821716e-5
16 681 5.78661804821716e-5
16 721 5.78661804821716e-5
16 761 5.78661804821716e-5
16 801 5.78661804821716e-5
16 841 5.78661804821716e-5
16 881 5.78661804821716e-5
16 921 5.78661804821716e-5
16 961 5.78661804821716e-5

17 1 9.383530161270333e-5
17 41 9.383530161270333e-5
17 81 9.383530161270333e-5
17 121 9.383530161270333e-5
17 161 9.383530161270333e-5
17 201 9.383530161270333e-5
17 241 9.383530161270333e-5
17 281 9.383530161270333e-5
17 321 9.383530161270333e-5
17 361 9.383530161270333e-5
17 401 9.383530161270333e-5
17 441 9.383530161270333e-5
17 481 9.383530161270333e-5
17 521 9.383530161270333e-5
17 561 9.383530161270333e-5
17 601 9.383530161270333e-5
17 641 9.383530161270333e-5
17 681 9.383530161270333e-5
17 721 9.383530161270333e-5
17 761 9.383530161270333e-5
17 801 9.383530161270333e-5
17 841 9.383530161270333e-5
17 881 9.383530161270333e-5
17 921 9.383530161270333e-5
17 961 9.383530161270333e-5

18 1 3.8944180693522304e-5
18 41 3.8944180693522304e-5
18 81 3.8944180693522304e-5
18 121 3.8944180693522304e-5
18 161 3.8944180693522304e-5
18 201 3.8944180693522304e-5
18 241 3.8944180693522304e-5
18 281 3.8944180693522304e-5
18 321 3.8944180693522304e-5
18 361 3.8944180693522304e-5
18 401 3.8944180693522304e-5
18 441 3.8944180693522304e-5
18 481 3.8944180693522304e-5
18 521 3.8944180693522304e-5
18 561 3.8944180693522304e-5
18 601 3.8944180693522304e-5
18 641 3.8944180693522304e-5
18 681 3.8944180693522304e-5
18 721 3.8944180693522304e-5
18 761 3.8944180693522304e-5
18 801 3.8944180693522304e-5
18 841 3.8944180693522304e-5
18 881 3.8944180693522304e-5
18 921 3.8944180693522304e-5
18 961 3.8944180693522304e-5

19 1 5.0796718117058954e-5
19 41 5.0796718117058954e-5
19 81 5.0796718117058954e-5
19 121 5.0796718117058954e-5
19 161 5.0796718117058954e-5
19 201 5.0796718117058954e-5
19 241 5.0796718117058954e-5
19 281 5.0796718117058954e-5
19 321 5.0796718117058954e-5
19 361 5.0796718117058954e-5
19 401 5.0796718117058954e-5
19 441 5.0796718117058954e-5
19 481 5.0796718117058954e-5
19 521 5.0796718117058954e-5
19 561 5.0796718117058954e-5
19 601 5.0796718117058954e-5
19 641 5.0796718117058954e-5
19 681 5.0796718117058954e-5
19 721 5.0796718117058954e-5
19 761 5.0796718117058954e-5
19 801 5.0796718117058954e-5
19 841 5.0796718117058954e-5
19 881 5.0796718117058954e-5
19 921 5.0796718117058954e-5
19 961 5.0796718117058954e-5

20 1 0.00015473746911398895
20 41 0.00015473746911398895
20 81 0.00015473746911398895
20 121 0.00015473746911398895
20 161 0.00015473746911398895
20 201 0.00015473746911398895
20 241 0.00015473746911398895
20 281 0.00015473746911398895
20 321 0.00015473746911398895
20 361 0.00015473746911398895
20 401 0.00015473746911398895
20 441 0.00015473746911398895
20 481 0.00015473746911398895
20 521 0.00015473746911398895
20 561 0.00015473746911398895
20 601 0.00015473746911398895
20 641 0.00015473746911398895
20 681 0.00015473746911398895
20 721 0.00015473746911398895
20 761 0.00015473746911398895
20 801 0.00015473746911398895
20 841 0.00015473746911398895
20 881 0.00015473746911398895
20 921 0.00015473746911398895
20 961 0.00015473746911398895

21 1 7.466317467459566e-5
21 41 7.466317467459566e-5
21 81 7.466317467459566e-5
21 121 7.466317467459566e-5
21 161 7.466317467459566e-5
21 201 7.466317467459566e-5
21 241 7.466317467459566e-5
21 281 7.466317467459566e-5
21 321 7.466317467459566e-5
21 361 7.466317467459566e-5
21 401 7.466317467459566e-5
21 441 7.466317467459566e-5
21 481 7.466317467459566e-5
21 521 7.466317467459566e-5
21 561 7.466317467459566e-5
21 601 7.466317467459566e-5
21 641 7.466317467459566e-5
21 681 7.466317467459566e-5
21 721 7.466317467459566e-5
21 761 7.466317467459566e-5
21 801 7.466317467459566e-5
21 841 7.466317467459566e-5
21 881 7.466317467459566e-5
21 921 7.466317467459566e-5
21 961 7.466317467459566e-5

22 1 6.51642405939155e-5
22 41 6.51642405939155e-5
22 81 6.51642405939155e-5
22 121 6.51642405939155e-5
22 161 6.51642405939155e-5
22 201 6.51642405939155e-5
22 241 6.51642405939155e-5
22 281 6.51642405939155e-5
22 321 6.51642405939155e-5
22 361 6.51642405939155e-5
22 401 6.51642405939155e-5
22 441 6.51642405939155e-5
22 481 6.51642405939155e-5
22 521 6.51642405939155e-5
22 561 6.51642405939155e-5
22 601 6.51642405939155e-5
22 641 6.51642405939155e-5
22 681 6.51642405939155e-5
22 721 6.51642405939155e-5
22 761 6.51642405939155e-5
22 801 6.51642405939155e-5
22 841 6.51642405939155e-5
22 881 6.51642405939155e-5
22 921 6.51642405939155e-5
22 961 6.51642405939155e-5

23 1 7.193049677306515e-5
23 41 7.193049677306515e-5
23 81 7.193049677306515e-5
23 121 7.193049677306515e-5
23 161 7.193049677306515e-5
23 201 7.193049677306515e-5
23 241 7.193049677306515e-5
23 281 7.193049677306515e-5
23 321 7.193049677306515e-5
23 361 7.193049677306515e-5
23 401 7.193049677306515e-5
23 441 7.193049677306515e-5
23 481 7.193049677306515e-5
23 521 7.193049677306515e-5
23 561 7.193049677306515e-5
23 601 7.193049677306515e-5
23 641 7.193049677306515e-5
23 681 7.193049677306515e-5
23 721 7.193049677306515e-5
23 761 7.193049677306515e-5
23 801 7.193049677306515e-5
23 841 7.193049677306515e-5
23 881 7.193049677306515e-5
23 921 7.193049677306515e-5
23 961 7.193049677306515e-5

24 1 5.145516617134655e-5
24 41 5.145516617134655e-5
24 81 5.145516617134655e-5
24 121 5.145516617134655e-5
24 161 5.145516617134655e-5
24 201 5.145516617134655e-5
24 241 5.145516617134655e-5
24 281 5.145516617134655e-5
24 321 5.145516617134655e-5
24 361 5.145516617134655e-5
24 401 5.145516617134655e-5
24 441 5.145516617134655e-5
24 481 5.145516617134655e-5
24 521 5.145516617134655e-5
24 561 5.145516617134655e-5
24 601 5.145516617134655e-5
24 641 5.145516617134655e-5
24 681 5.145516617134655e-5
24 721 5.145516617134655e-5
24 761 5.145516617134655e-5
24 801 5.145516617134655e-5
24 841 5.145516617134655e-5
24 881 5.145516617134655e-5
24 921 5.145516617134655e-5
24 961 5.145516617134655e-5

25 1 4.872864784285849e-5
25 41 4.872864784285849e-5
25 81 4.872864784285849e-5
25 121 4.872864784285849e-5
25 161 4.872864784285849e-5
25 201 4.872864784285849e-5
25 241 4.872864784285849e-5
25 281 4.872864784285849e-5
25 321 4.872864784285849e-5
25 361 4.872864784285849e-5
25 401 4.872864784285849e-5
25 441 4.872864784285849e-5
25 481 4.872864784285849e-5
25 521 4.872864784285849e-5
25 561 4.872864784285849e-5
25 601 4.872864784285849e-5
25 641 4.872864784285849e-5
25 681 4.872864784285849e-5
25 721 4.872864784285849e-5
25 761 4.872864784285849e-5
25 801 4.872864784285849e-5
25 841 4.872864784285849e-5
25 881 4.872864784285849e-5
25 921 4.872864784285849e-5
25 961 4.872864784285849e-5

26 1 4.420374516334459e-5
26 41 4.420374516334459e-5
26 81 4.420374516334459e-5
26 121 4.420374516334459e-5
26 161 4.420374516334459e-5
26 201 4.420374516334459e-5
26 241 4.420374516334459e-5
26 281 4.420374516334459e-5
26 321 4.420374516334459e-5
26 361 4.420374516334459e-5
26 401 4.420374516334459e-5
26 441 4.420374516334459e-5
26 481 4.420374516334459e-5
26 521 4.420374516334459e-5
26 561 4.420374516334459e-5
26 601 4.420374516334459e-5
26 641 4.420374516334459e-5
26 681 4.420374516334459e-5
26 721 4.420374516334459e-5
26 761 4.420374516334459e-5
26 801 4.420374516334459e-5
26 841 4.420374516334459e-5
26 881 4.420374516334459e-5
26 921 4.420374516334459e-5
26 961 4.420374516334459e-5

27 1 2.8659505668324638e-5
27 41 2.8659505668324638e-5
27 81 2.8659505668324638e-5
27 121 2.8659505668324638e-5
27 161 2.8659505668324638e-5
27 201 2.8659505668324638e-5
27 241 2.8659505668324638e-5
27 281 2.8659505668324638e-5
27 321 2.8659505668324638e-5
27 361 2.8659505668324638e-5
27 401 2.8659505668324638e-5
27 441 2.8659505668324638e-5
27 481 2.8659505668324638e-5
27 521 2.8659505668324638e-5
27 561 2.8659505668324638e-5
27 601 2.8659505668324638e-5
27 641 2.8659505668324638e-5
27 681 2.8659505668324638e-5
27 721 2.8659505668324638e-5
27 761 2.8659505668324638e-5
27 801 2.8659505668324638e-5
27 841 2.8659505668324638e-5
27 881 2.8659505668324638e-5
27 921 2.8659505668324638e-5
27 961 2.8659505668324638e-5

28 1 2.950321955903547e-5
28 41 2.950321955903547e-5
28 81 2.950321955903547e-5
28 121 2.950321955903547e-5
28 161 2.950321955903547e-5
28 201 2.950321955903547e-5
28 241 2.950321955903547e-5
28 281 2.950321955903547e-5
28 321 2.950321955903547e-5
28 361 2.950321955903547e-5
28 401 2.950321955903547e-5
28 441 2.950321955903547e-5
28 481 2.950321955903547e-5
28 521 2.950321955903547e-5
28 561 2.950321955903547e-5
28 601 2.950321955903547e-5
28 641 2.950321955903547e-5
28 681 2.950321955903547e-5
28 721 2.950321955903547e-5
28 761 2.950321955903547e-5
28 801 2.950321955903547e-5
28 841 2.950321955903547e-5
28 881 2.950321955903547e-5
28 921 2.950321955903547e-5
28 961 2.950321955903547e-5

29 1 2.7554094607923947e-5
29 41 2.7554094607923947e-5
29 81 2.7554094607923947e-5
29 121 2.7554094607923947e-5
29 161 2.7554094607923947e-5
29 201 2.7554094607923947e-5
29 241 2.7554094607923947e-5
29 281 2.7554094607923947e-5
29 321 2.7554094607923947e-5
29 361 2.7554094607923947e-5
29 401 2.7554094607923947e-5
29 441 2.7554094607923947e-5
29 481 2.7554094607923947e-5
29 521 2.7554094607923947e-5
29 561 2.7554094607923947e-5
29 601 2.7554094607923947e-5
29 641 2.7554094607923947e-5
29 681 2.7554094607923947e-5
29 721 2.7554094607923947e-5
29 761 2.7554094607923947e-5
29 801 2.7554094607923947e-5
29 841 2.7554094607923947e-5
29 881 2.7554094607923947e-5
29 921 2.7554094607923947e-5
29 961 2.7554094607923947e-5

30 1 3.208482347529534e-5
30 41 3.208482347529534e-5
30 81 3.208482347529534e-5
30 121 3.208482347529534e-5
30 161 3.208482347529534e-5
30 201 3.208482347529534e-5
30 241 3.208482347529534e-5
30 281 3.208482347529534e-5
30 321 3.208482347529534e-5
30 361 3.208482347529534e-5
30 401 3.208482347529534e-5
30 441 3.208482347529534e-5
30 481 3.208482347529534e-5
30 521 3.208482347529534e-5
30 561 3.208482347529534e-5
30 601 3.208482347529534e-5
30 641 3.208482347529534e-5
30 681 3.208482347529534e-5
30 721 3.208482347529534e-5
30 761 3.208482347529534e-5
30 801 3.208482347529534e-5
30 841 3.208482347529534e-5
30 881 3.208482347529534e-5
30 921 3.208482347529534e-5
30 961 3.208482347529534e-5

31 1 2.992593762702615e-5
31 41 2.992593762702615e-5
31 81 2.992593762702615e-5
31 121 2.992593762702615e-5
31 161 2.992593762702615e-5
31 201 2.992593762702615e-5
31 241 2.992593762702615e-5
31 281 2.992593762702615e-5
31 321 2.992593762702615e-5
31 361 2.992593762702615e-5
31 401 2.992593762702615e-5
31 441 2.992593762702615e-5
31 481 2.992593762702615e-5
31 521 2.992593762702615e-5
31 561 2.992593762702615e-5
31 601 2.992593762702615e-5
31 641 2.992593762702615e-5
31 681 2.992593762702615e-5
31 721 2.992593762702615e-5
31 761 2.992593762702615e-5
31 801 2.992593762702615e-5
31 841 2.992593762702615e-5
31 881 2.992593762702615e-5
31 921 2.992593762702615e-5
31 961 2.992593762702615e-5

32 1 2.6697980952807524e-5
32 41 2.6697980952807524e-5
32 81 2.6697980952807524e-5
32 121 2.6697980952807524e-5
32 161 2.6697980952807524e-5
32 201 2.6697980952807524e-5
32 241 2.6697980952807524e-5
32 281 2.6697980952807524e-5
32 321 2.6697980952807524e-5
32 361 2.6697980952807524e-5
32 401 2.6697980952807524e-5
32 441 2.6697980952807524e-5
32 481 2.6697980952807524e-5
32 521 2.6697980952807524e-5
32 561 2.6697980952807524e-5
32 601 2.6697980952807524e-5
32 641 2.6697980952807524e-5
32 681 2.6697980952807524e-5
32 721 2.6697980952807524e-5
32 761 2.6697980952807524e-5
32 801 2.6697980952807524e-5
32 841 2.6697980952807524e-5
32 881 2.6697980952807524e-5
32 921 2.6697980952807524e-5
32 961 2.6697980952807524e-5

33 1 2.5363041736303735e-5
33 41 2.5363041736303735e-5
33 81 2.5363041736303735e-5
33 121 2.5363041736303735e-5
33 161 2.5363041736303735e-5
33 201 2.5363041736303735e-5
33 241 2.5363041736303735e-5
33 281 2.5363041736303735e-5
33 321 2.5363041736303735e-5
33 361 2.5363041736303735e-5
33 401 2.5363041736303735e-5
33 441 2.5363041736303735e-5
33 481 2.5363041736303735e-5
33 521 2.5363041736303735e-5
33 561 2.5363041736303735e-5
33 601 2.5363041736303735e-5
33 641 2.5363041736303735e-5
33 681 2.5363041736303735e-5
33 721 2.5363041736303735e-5
33 761 2.5363041736303735e-5
33 801 2.5363041736303735e-5
33 841 2.5363041736303735e-5
33 881 2.5363041736303735e-5
33 921 2.5363041736303735e-5
33 961 2.5363041736303735e-5

34 1 2.3740036788735754e-5
34 41 2.3740036788735754e-5
34 81 2.3740036788735754e-5
34 121 2.3740036788735754e-5
34 161 2.3740036788735754e-5
34 201 2.3740036788735754e-5
34 241 2.3740036788735754e-5
34 281 2.3740036788735754e-5
34 321 2.3740036788735754e-5
34 361 2.3740036788735754e-5
34 401 2.3740036788735754e-5
34 441 2.3740036788735754e-5
34 481 2.3740036788735754e-5
34 521 2.3740036788735754e-5
34 561 2.3740036788735754e-5
34 601 2.3740036788735754e-5
34 641 2.3740036788735754e-5
34 681 2.3740036788735754e-5
34 721 2.3740036788735754e-5
34 761 2.3740036788735754e-5
34 801 2.3740036788735754e-5
34 841 2.3740036788735754e-5
34 881 2.3740036788735754e-5
34 921 2.3740036788735754e-5
34 961 2.3740036788735754e-5

35 1 2.2155268573502045e-5
35 41 2.2155268573502045e-5
35 81 2.2155268573502045e-5
35 121 2.2155268573502045e-5
35 161 2.2155268573502045e-5
35 201 2.2155268573502045e-5
35 241 2.2155268573502045e-5
35 281 2.2155268573502045e-5
35 321 2.2155268573502045e-5
35 361 2.2155268573502045e-5
35 401 2.2155268573502045e-5
35 441 2.2155268573502045e-5
35 481 2.2155268573502045e-5
35 521 2.2155268573502045e-5
35 561 2.2155268573502045e-5
35 601 2.2155268573502045e-5
35 641 2.2155268573502045e-5
35 681 2.2155268573502045e-5
35 721 2.2155268573502045e-5
35 761 2.2155268573502045e-5
35 801 2.2155268573502045e-5
35 841 2.2155268573502045e-5
35 881 2.2155268573502045e-5
35 921 2.2155268573502045e-5
35 961 2.2155268573502045e-5

36 1 2.0721471398747498e-5
36 41 2.0721471398747498e-5
36 81 2.0721471398747498e-5
36 121 2.0721471398747498e-5
36 161 2.0721471398747498e-5
36 201 2.0721471398747498e-5
36 241 2.0721471398747498e-5
36 281 2.0721471398747498e-5
36 321 2.0721471398747498e-5
36 361 2.0721471398747498e-5
36 401 2.0721471398747498e-5
36 441 2.0721471398747498e-5
36 481 2.0721471398747498e-5
36 521 2.0721471398747498e-5
36 561 2.0721471398747498e-5
36 601 2.0721471398747498e-5
36 641 2.0721471398747498e-5
36 681 2.0721471398747498e-5
36 721 2.0721471398747498e-5
36 761 2.0721471398747498e-5
36 801 2.0721471398747498e-5
36 841 2.0721471398747498e-5
36 881 2.0721471398747498e-5
36 921 2.0721471398747498e-5
36 961 2.0721471398747498e-5

37 1 1.934889668167074e-5
37 41 1.934889668167074e-5
37 81 1.934889668167074e-5
37 121 1.934889668167074e-5
37 161 1.934889668167074e-5
37 201 1.934889668167074e-5
37 241 1.934889668167074e-5
37 281 1.934889668167074e-5
37 321 1.934889668167074e-5
37 361 1.934889668167074e-5
37 401 1.934889668167074e-5
37 441 1.934889668167074e-5
37 481 1.934889668167074e-5
37 521 1.934889668167074e-5
37 561 1.934889668167074e-5
37 601 1.934889668167074e-5
37 641 1.934889668167074e-5
37 681 1.934889668167074e-5
37 721 1.934889668167074e-5
37 761 1.934889668167074e-5
37 801 1.934889668167074e-5
37 841 1.934889668167074e-5
37 881 1.934889668167074e-5
37 921 1.934889668167074e-5
37 961 1.934889668167074e-5

38 1 1.8235860026421942e-5
38 41 1.8235860026421942e-5
38 81 1.8235860026421942e-5
38 121 1.8235860026421942e-5
38 161 1.8235860026421942e-5
38 201 1.8235860026421942e-5
38 241 1.8235860026421942e-5
38 281 1.8235860026421942e-5
38 321 1.8235860026421942e-5
38 361 1.8235860026421942e-5
38 401 1.8235860026421942e-5
38 441 1.8235860026421942e-5
38 481 1.8235860026421942e-5
38 521 1.8235860026421942e-5
38 561 1.8235860026421942e-5
38 601 1.8235860026421942e-5
38 641 1.8235860026421942e-5
38 681 1.8235860026421942e-5
38 721 1.8235860026421942e-5
38 761 1.8235860026421942e-5
38 801 1.8235860026421942e-5
38 841 1.8235860026421942e-5
38 881 1.8235860026421942e-5
38 921 1.8235860026421942e-5
38 961 1.8235860026421942e-5

39 1 1.7459397362677186e-5
39 41 1.7459397362677186e-5
39 81 1.7459397362677186e-5
39 121 1.7459397362677186e-5
39 161 1.7459397362677186e-5
39 201 1.7459397362677186e-5
39 241 1.7459397362677186e-5
39 281 1.7459397362677186e-5
39 321 1.7459397362677186e-5
39 361 1.7459397362677186e-5
39 401 1.7459397362677186e-5
39 441 1.7459397362677186e-5
39 481 1.7459397362677186e-5
39 521 1.7459397362677186e-5
39 561 1.7459397362677186e-5
39 601 1.7459397362677186e-5
39 641 1.7459397362677186e-5
39 681 1.7459397362677186e-5
39 721 1.7459397362677186e-5
39 761 1.7459397362677186e-5
39 801 1.7459397362677186e-5
39 841 1.7459397362677186e-5
39 881 1.7459397362677186e-5
39 921 1.7459397362677186e-5
39 961 1.7459397362677186e-5

40 1 1.6352139684372496e-5
40 41 1.6352139684372496e-5
40 81 1.6352139684372496e-5
40 121 1.6352139684372496e-5
40 161 1.6352139684372496e-5
40 201 1.6352139684372496e-5
40 241 1.6352139684372496e-5
40 281 1.6352139684372496e-5
40 321 1.6352139684372496e-5
40 361 1.6352139684372496e-5
40 401 1.6352139684372496e-5
40 441 1.6352139684372496e-5
40 481 1.6352139684372496e-5
40 521 1.6352139684372496e-5
40 561 1.6352139684372496e-5
40 601 1.6352139684372496e-5
40 641 1.6352139684372496e-5
40 681 1.6352139684372496e-5
40 721 1.6352139684372496e-5
40 761 1.6352139684372496e-5
40 801 1.6352139684372496e-5
40 841 1.6352139684372496e-5
40 881 1.6352139684372496e-5
40 921 1.6352139684372496e-5
40 961 1.6352139684372496e-5

41 1 1.5255404406929892e-5
41 41 1.5255404406929892e-5
41 81 1.5255404406929892e-5
41 121 1.5255404406929892e-5
41 161 1.5255404406929892e-5
41 201 1.5255404406929892e-5
41 241 1.5255404406929892e-5
41 281 1.5255404406929892e-5
41 321 1.5255404406929892e-5
41 361 1.5255404406929892e-5
41 401 1.5255404406929892e-5
41 441 1.5255404406929892e-5
41 481 1.5255404406929892e-5
41 521 1.5255404406929892e-5
41 561 1.5255404406929892e-5
41 601 1.5255404406929892e-5
41 641 1.5255404406929892e-5
41 681 1.5255404406929892e-5
41 721 1.5255404406929892e-5
41 761 1.5255404406929892e-5
41 801 1.5255404406929892e-5
41 841 1.5255404406929892e-5
41 881 1.5255404406929892e-5
41 921 1.5255404406929892e-5
41 961 1.5255404406929892e-5

42 1 1.3943580178175307e-5
42 41 1.3943580178175307e-5
42 81 1.3943580178175307e-5
42 121 1.3943580178175307e-5
42 161 1.3943580178175307e-5
42 201 1.3943580178175307e-5
42 241 1.3943580178175307e-5
42 281 1.3943580178175307e-5
42 321 1.3943580178175307e-5
42 361 1.3943580178175307e-5
42 401 1.3943580178175307e-5
42 441 1.3943580178175307e-5
42 481 1.3943580178175307e-5
42 521 1.3943580178175307e-5
42 561 1.3943580178175307e-5
42 601 1.3943580178175307e-5
42 641 1.3943580178175307e-5
42 681 1.3943580178175307e-5
42 721 1.3943580178175307e-5
42 761 1.3943580178175307e-5
42 801 1.3943580178175307e-5
42 841 1.3943580178175307e-5
42 881 1.3943580178175307e-5
42 921 1.3943580178175307e-5
42 961 1.3943580178175307e-5

43 1 1.3377443246351863e-5
43 41 1.3377443246351863e-5
43 81 1.3377443246351863e-5
43 121 1.3377443246351863e-5
43 161 1.3377443246351863e-5
43 201 1.3377443246351863e-5
43 241 1.3377443246351863e-5
43 281 1.3377443246351863e-5
43 321 1.3377443246351863e-5
43 361 1.3377443246351863e-5
43 401 1.3377443246351863e-5
43 441 1.3377443246351863e-5
43 481 1.3377443246351863e-5
43 521 1.3377443246351863e-5
43 561 1.3377443246351863e-5
43 601 1.3377443246351863e-5
43 641 1.3377443246351863e-5
43 681 1.3377443246351863e-5
43 721 1.3377443246351863e-5
43 761 1.3377443246351863e-5
43 801 1.3377443246351863e-5
43 841 1.3377443246351863e-5
43 881 1.3377443246351863e-5
43 921 1.3377443246351863e-5
43 961 1.3377443246351863e-5

44 1 1.2848456381910614e-5
44 41 1.2848456381910614e-5
44 81 1.2848456381910614e-5
44 121 1.2848456381910614e-5
44 161 1.2848456381910614e-5
44 201 1.2848456381910614e-5
44 241 1.2848456381910614e-5
44 281 1.2848456381910614e-5
44 321 1.2848456381910614e-5
44 361 1.2848456381910614e-5
44 401 1.2848456381910614e-5
44 441 1.2848456381910614e-5
44 481 1.2848456381910614e-5
44 521 1.2848456381910614e-5
44 561 1.2848456381910614e-5
44 601 1.2848456381910614e-5
44 641 1.2848456381910614e-5
44 681 1.2848456381910614e-5
44 721 1.2848456381910614e-5
44 761 1.2848456381910614e-5
44 801 1.2848456381910614e-5
44 841 1.2848456381910614e-5
44 881 1.2848456381910614e-5
44 921 1.2848456381910614e-5
44 961 1.2848456381910614e-5

45 1 1.2458291132061614e-5
45 41 1.2458291132061614e-5
45 81 1.2458291132061614e-5
45 121 1.2458291132061614e-5
45 161 1.2458291132061614e-5
45 201 1.2458291132061614e-5
45 241 1.2458291132061614e-5
45 281 1.2458291132061614e-5
45 321 1.2458291132061614e-5
45 361 1.2458291132061614e-5
45 401 1.2458291132061614e-5
45 441 1.2458291132061614e-5
45 481 1.2458291132061614e-5
45 521 1.2458291132061614e-5
45 561 1.2458291132061614e-5
45 601 1.2458291132061614e-5
45 641 1.2458291132061614e-5
45 681 1.2458291132061614e-5
45 721 1.2458291132061614e-5
45 761 1.2458291132061614e-5
45 801 1.2458291132061614e-5
45 841 1.2458291132061614e-5
45 881 1.2458291132061614e-5
45 921 1.2458291132061614e-5
45 961 1.2458291132061614e-5

46 1 1.1553442797856468e-5
46 41 1.1553442797856468e-5
46 81 1.1553442797856468e-5
46 121 1.1553442797856468e-5
46 161 1.1553442797856468e-5
46 201 1.1553442797856468e-5
46 241 1.1553442797856468e-5
46 281 1.1553442797856468e-5
46 321 1.1553442797856468e-5
46 361 1.1553442797856468e-5
46 401 1.1553442797856468e-5
46 441 1.1553442797856468e-5
46 481 1.1553442797856468e-5
46 521 1.1553442797856468e-5
46 561 1.1553442797856468e-5
46 601 1.1553442797856468e-5
46 641 1.1553442797856468e-5
46 681 1.1553442797856468e-5
46 721 1.1553442797856468e-5
46 761 1.1553442797856468e-5
46 801 1.1553442797856468e-5
46 841 1.1553442797856468e-5
46 881 1.1553442797856468e-5
46 921 1.1553442797856468e-5
46 961 1.1553442797856468e-5

47 1 1.2288316498119337e-5
47 41 1.2288316498119337e-5
47 81 1.2288316498119337e-5
47 121 1.2288316498119337e-5
47 161 1.2288316498119337e-5
47 201 1.2288316498119337e-5
47 241 1.2288316498119337e-5
47 281 1.2288316498119337e-5
47 321 1.2288316498119337e-5
47 361 1.2288316498119337e-5
47 401 1.2288316498119337e-5
47 441 1.2288316498119337e-5
47 481 1.2288316498119337e-5
47 521 1.2288316498119337e-5
47 561 1.2288316498119337e-5
47 601 1.2288316498119337e-5
47 641 1.2288316498119337e-5
47 681 1.2288316498119337e-5
47 721 1.2288316498119337e-5
47 761 1.2288316498119337e-5
47 801 1.2288316498119337e-5
47 841 1.2288316498119337e-5
47 881 1.2288316498119337e-5
47 921 1.2288316498119337e-5
47 961 1.2288316498119337e-5

48 1 1.1248577194126068e-5
48 41 1.1248577194126068e-5
48 81 1.1248577194126068e-5
48 121 1.1248577194126068e-5
48 161 1.1248577194126068e-5
48 201 1.1248577194126068e-5
48 241 1.1248577194126068e-5
48 281 1.1248577194126068e-5
48 321 1.1248577194126068e-5
48 361 1.1248577194126068e-5
48 401 1.1248577194126068e-5
48 441 1.1248577194126068e-5
48 481 1.1248577194126068e-5
48 521 1.1248577194126068e-5
48 561 1.1248577194126068e-5
48 601 1.1248577194126068e-5
48 641 1.1248577194126068e-5
48 681 1.1248577194126068e-5
48 721 1.1248577194126068e-5
48 761 1.1248577194126068e-5
48 801 1.1248577194126068e-5
48 841 1.1248577194126068e-5
48 881 1.1248577194126068e-5
48 921 1.1248577194126068e-5
48 961 1.1248577194126068e-5

49 1 1.0476260570169766e-5
49 41 1.0476260570169766e-5
49 81 1.0476260570169766e-5
49 121 1.0476260570169766e-5
49 161 1.0476260570169766e-5
49 201 1.0476260570169766e-5
49 241 1.0476260570169766e-5
49 281 1.0476260570169766e-5
49 321 1.0476260570169766e-5
49 361 1.0476260570169766e-5
49 401 1.0476260570169766e-5
49 441 1.0476260570169766e-5
49 481 1.0476260570169766e-5
49 521 1.0476260570169766e-5
49 561 1.0476260570169766e-5
49 601 1.0476260570169766e-5
49 641 1.0476260570169766e-5
49 681 1.0476260570169766e-5
49 721 1.0476260570169766e-5
49 761 1.0476260570169766e-5
49 801 1.0476260570169766e-5
49 841 1.0476260570169766e-5
49 881 1.0476260570169766e-5
49 921 1.0476260570169766e-5
49 961 1.0476260570169766e-5

50 1 9.812883416494302e-6
50 41 9.812883416494302e-6
50 81 9.812883416494302e-6
50 121 9.812883416494302e-6
50 161 9.812883416494302e-6
50 201 9.812883416494302e-6
50 241 9.812883416494302e-6
50 281 9.812883416494302e-6
50 321 9.812883416494302e-6
50 361 9.812883416494302e-6
50 401 9.812883416494302e-6
50 441 9.812883416494302e-6
50 481 9.812883416494302e-6
50 521 9.812883416494302e-6
50 561 9.812883416494302e-6
50 601 9.812883416494302e-6
50 641 9.812883416494302e-6
50 681 9.812883416494302e-6
50 721 9.812883416494302e-6
50 761 9.812883416494302e-6
50 801 9.812883416494302e-6
50 841 9.812883416494302e-6
50 881 9.812883416494302e-6
50 921 9.812883416494302e-6
50 961 9.812883416494302e-6

