2 1 5.767598707244874e-5
2 41 5.23660049071568e-5
2 81 6.549436623040792e-5
2 121 1.491354997177815e-5
2 161 5.673168691355978e-5
2 201 5.165596635515539e-5
2 241 4.9611454240283256e-5
2 281 3.292602193813879e-5
2 321 7.053487412837888e-5
2 361 4.805039033938677e-5
2 401 4.3632250962574525e-5
2 441 5.496868493607705e-5
2 481 5.3211198264701155e-5
2 521 5.489335685322596e-5
2 561 5.38771456495666e-5
2 601 3.9413115794312104e-5
2 641 1.6351299849797057e-5
2 681 7.546878988201309e-5
2 721 5.05926928447226e-5
2 761 9.657591983669922e-5
2 801 3.251726081277147e-5
2 841 6.502386572850642e-5
2 881 4.992285224242597e-5
2 921 0.0020548870392066813
2 961 0.0005257468788081727

3 1 8.154481329186112e-6
3 41 3.9876321132913056e-5
3 81 7.963369432054883e-6
3 121 3.123044319058496e-5
3 161 1.8296535207297794e-5
3 201 2.159408490932055e-5
3 241 9.119182973174576e-6
3 281 2.448720716828232e-5
3 321 7.078798210551032e-6
3 361 4.575538392022457e-6
3 401 3.144599590021814e-6
3 441 8.268061540380225e-6
3 481 6.898037627966626e-6
3 521 2.0567120308630755e-5
3 561 8.638535752352739e-6
3 601 6.521859905443074e-6
3 641 3.6990384120279166e-6
3 681 1.0087627320031516e-5
3 721 1.8271841235004733e-5
3 761 3.42994106918113e-5
3 801 7.26697845601551e-6
3 841 8.050684119016412e-6
3 881 2.4908780131207626e-5
3 921 2.5335911185844452e-5
3 961 2.507686513845992e-5

4 1 2.4528062786331638e-5
4 41 7.34168321350131e-5
4 81 2.902053098992506e-5
4 121 6.8262485080304e-5
4 161 6.434512202600368e-5
4 201 7.006509564956599e-5
4 241 2.0696469129614038e-5
4 281 4.408052918724962e-5
4 321 4.3313936301467534e-5
4 361 9.906313274437472e-5
4 401 0.00020675435878803392
4 441 0.018273099528377766
4 481 1.6311532678821957e-5
4 521 3.821023286579791e-5
4 561 2.5927923799693783e-5
4 601 4.738259164342984e-5
4 641 6.361655703009105e-5
4 681 0.00031681656252113306
4 721 6.671199962325684e-5
4 761 0.0001309411659033939
4 801 3.355329248067784e-5
4 841 3.281940521361669e-5
4 881 4.9645142802230066e-5
4 921 0.000350076971152783
4 961 0.0002524049618066739

5 1 2.322841972661523e-5
5 41 2.071503910402196e-5
5 81 5.242294112418479e-5
5 121 1.7133969907709892e-5
5 161 5.922748162971553e-5
5 201 3.802489861668772e-5
5 241 2.0424731106686164e-5
5 281 1.3796642746338737e-5
5 321 4.9154981127637356e-5
5 361 0.00035762341348261355
5 401 0.00041594941665171593
5 441 0.0001922081564775874
5 481 0.0007961117050981444
5 521 5.050689249079194e-5
5 561 3.30558586368339e-5
5 601 0.0021613220928298127
5 641 0.00021862325734669927
5 681 0.004076773623522704
5 721 3.389993695111269e-5
5 761 0.00010555069048006924
5 801 0.0012847567246881682
5 841 0.00038446988436054695
5 881 0.0001631982388466912
5 921 0.010671662845940443
5 961 0.0007489720880462032

6 1 2.5107316084457546e-5
6 41 1.0591919496901151e-5
6 81 0.001020566947286188
6 121 7.648520249910957e-6
6 161 4.18760597524923e-5
6 201 2.0505071507829708e-5
6 241 0.00016132627590526616
6 281 8.158814488487716e-6
6 321 0.0008418309197798975
6 361 0.007986319283763152
6 401 0.0008023591765289268
6 441 1.8483467232685724e-5
6 481 0.0009676331236696683
6 521 3.461025645648337e-5
6 561 4.356206295080889e-5
6 601 2.5309157196452518e-5
6 641 0.0003295126692681048
6 681 0.0022272469290755053
6 721 1.7702811714217564e-5
6 761 5.044832218532325e-5
6 801 0.00018099728755161337
6 841 0.0008766408444735959
6 881 5.028683601146835e-5
6 921 0.021776588936952473
6 961 0.0006245208141810667

7 1 0.01203052458764667
7 41 5.5573370544224974e-5
7 81 0.0038108913756649994
7 121 0.0006521684154863029
7 161 3.657927026128066e-5
7 201 1.7934123970553717e-5
7 241 0.0002550601820407693
7 281 5.2729829957587786e-5
7 321 0.030732031058218017
7 361 0.15809210458946696
7 401 0.0011851366916217916
7 441 0.00019725756467069453
7 481 0.0009885944947709518
7 521 2.5688518043174024e-5
7 561 5.069898027248981e-5
7 601 0.001328843010426204
7 641 0.00018404973591788
7 681 0.004624474091419209
7 721 1.7302051685339647e-5
7 761 5.291451327103473e-5
7 801 0.0003008722465691663
7 841 0.00011184983686304779
7 881 0.00011181492702929569
7 921 0.28097713179519945
7 961 0.04238369562648299

8 1 0.0019468053282661315
8 41 8.172041598774158e-5
8 81 0.004238753610447293
8 121 0.0030731488591529453
8 161 5.3741440516093004e-5
8 201 4.336422405053257e-5
8 241 0.001490350245769979
8 281 9.447093605461162e-5
8 321 0.009185016163580062
8 361 0.009707509447551353
8 401 0.005021926235062488
8 441 8.392900108752967e-5
8 481 0.0018190223871485868
8 521 3.5203826815571285e-5
8 561 9.835613706803072e-5
8 601 0.0007595332707319841
8 641 0.000187896533187567
8 681 0.002303040312748058
8 721 4.5988063955847726e-5
8 761 6.42732416376006e-5
8 801 0.00028734889608352817
8 841 0.001110743260445527
8 881 0.00016377587071037143
8 921 0.072665996510499
8 961 0.059209180605229346

9 1 0.001607024402982378
9 41 7.740620953574525e-5
9 81 0.005638596701878805
9 121 0.008413089512109912
9 161 0.00016968053899856053
9 201 0.0001334465431212505
9 241 0.0023627556140209246
9 281 0.00025631550829998854
9 321 0.02515360762513499
9 361 0.01803739191605464
9 401 0.0010865405459389744
9 441 5.2933729260370966e-5
9 481 0.0056067389964836
9 521 4.4013049560292604e-5
9 561 2.2343382573288908e-5
9 601 0.0008103155377038087
9 641 0.00013736348610331783
9 681 0.0066256421510427505
9 721 9.236017929655004e-5
9 761 0.0001929560517643151
9 801 0.0002604513023251336
9 841 0.0011796677625071782
9 881 0.00013422472197919803
9 921 0.24305623921011962
9 961 0.13019254586609152

10 1 0.0018295487135279124
10 41 6.12588657381285e-5
10 81 0.0018129851222528912
10 121 0.010501358849118998
10 161 0.00010163827005511105
10 201 0.0002910048490713394
10 241 0.0015916017099972376
10 281 0.00021059476126752063
10 321 0.01005945634470611
10 361 0.00940736116290969
10 401 0.000560780694042272
10 441 2.26086443936795e-6
10 481 0.0021350572296323827
10 521 0.0052620733940492576
10 561 3.593746141802853e-5
10 601 5.901061683445153e-5
10 641 0.00013277129756104986
10 681 0.0022983805548308814
10 721 0.00011556496560867347
10 761 0.0001625242646526055
10 801 0.000401903025875621
10 841 0.0035677767541338955
10 881 0.00016891234362413052
10 921 0.0824477944615235
10 961 0.08620029569402748

11 1 0.001029404067693579
11 41 3.5849028721442e-5
11 81 0.0015517252509088413
11 121 0.08898381338419212
11 161 0.00010885715719830977
11 201 0.00013353729745241435
11 241 0.0048407571113924875
11 281 0.00013879823192708402
11 321 0.04874592314855722
11 361 0.048583241178663326
11 401 0.0003150440550461715
11 441 3.863592236182641e-6
11 481 0.03789848961740208
11 521 0.04859546169196835
11 561 0.0017213971233338069
11 601 0.00445779847494568
11 641 8.930502431239789e-5
11 681 0.004893808297328723
11 721 7.094989527794106e-5
11 761 0.00018972430765191864
11 801 0.00011762287069651885
11 841 0.017192148844922785
11 881 0.00011461039313372554
11 921 0.33995518218644843
11 961 0.35928825355381694

12 1 0.001363055516932952
12 41 3.336496081354114e-5
12 81 0.0012673931382925897
12 121 0.01804299557409872
12 161 0.00016306003735005648
12 201 0.0004701919623886042
12 241 0.002069751591933437
12 281 9.236485366752777e-5
12 321 0.009958249946915888
12 361 0.011583741124888813
12 401 0.00045400595736900677
12 441 6.369921362425252e-6
12 481 0.002505702557402739
12 521 0.016118110836827782
12 561 4.0109779890114855e-5
12 601 0.00011051302361803277
12 641 9.1463262293588e-5
12 681 0.0019656542904748163
12 721 0.0002982471085600101
12 761 0.00023131307243757696
12 801 0.0070507789658194745
12 841 0.003974183010615484
12 881 0.0001353931574148033
12 921 0.06690987505762683
12 961 0.07265517442914146

13 1 0.001104959285331044
13 41 1.1411407457344882e-5
13 81 0.0015379129598770845
13 121 0.17536829918125063
13 161 8.44586426473548e-5
13 201 0.00018208157282305687
13 241 0.004718906512660329
13 281 3.842452363021046e-5
13 321 0.046028249410963694
13 361 0.023248836938090406
13 401 0.0003792904470734435
13 441 4.393141212348497e-5
13 481 0.05728295635872706
13 521 0.09530504632067123
13 561 2.2200059570897488e-5
13 601 0.01102626478616114
13 641 5.5402411474034074e-5
13 681 0.004822813111400415
13 721 0.008592204838220992
13 761 0.0001720857114244118
13 801 8.524025331064461e-5
13 841 0.01980880813243448
13 881 0.0002805528869053759
13 921 0.29790059472852837
13 961 0.33504281485558723

14 1 0.00117442555069433
14 41 0.00022190706437373781
14 81 0.0006599959813599617
14 121 6.262392445201281e-5
14 161 5.811592143923333e-5
14 201 0.00010373640568015375
14 241 0.0013168581185345665
14 281 0.000358053377324798
14 321 0.0021995379369559908
14 361 0.010017287765248305
14 401 0.0005773505206500045
14 441 4.819246594092383e-5
14 481 0.0033025709983422052
14 521 0.012658510687153346
14 561 1.450607138673165e-5
14 601 0.002374857690484582
14 641 7.598702166555038e-6
14 681 0.00157488191548906
14 721 0.0005536634993197541
14 761 9.270448570778092e-5
14 801 3.119911007377421e-5
14 841 0.004402390117373507
14 881 0.00041789438021255267
14 921 0.05806642197144234
14 961 0.06636932685891886

15 1 0.0016660131138814124
15 41 0.0005651464100535012
15 81 0.000500339528186829
15 121 0.01624602965942798
15 161 0.017160814128462376
15 201 8.150702715690325e-5
15 241 0.001965845163306131
15 281 0.00017508867296537643
15 321 0.006183792142272376
15 361 0.002922303776098489
15 401 0.0005843455539551795
15 441 9.852560761525676e-5
15 481 0.004260956624533414
15 521 0.011042477406793759
15 561 1.3466498739860984e-5
15 601 0.0022561588104343965
15 641 1.6275672972949855e-6
15 681 0.0016740563317599166
15 721 0.002825314981057728
15 761 0.00012749069589880425
15 801 8.367761817998422e-5
15 841 0.004472575494114945
15 881 9.826540725236536e-5
15 921 0.057609731313271746
15 961 0.06326596078567069

16 1 0.00117162902229472
16 41 0.0015283219789551353
16 81 3.8395901758304585e-5
16 121 0.026157271367304245
16 161 0.07068257922685788
16 201 0.00011608918065252712
16 241 0.0016467798625712964
16 281 0.0001216133168134306
16 321 0.010846075296563925
16 361 0.020517462146756454
16 401 0.0005487235567057016
16 441 7.681913741808881e-5
16 481 0.005449108094916559
16 521 0.01040318376827149
16 561 8.628283215153667e-6
16 601 0.0014839034467645203
16 641 1.051210974118442e-7
16 681 0.0025251101244516475
16 721 0.004027107188332588
16 761 0.00011718101483615811
16 801 5.047126833513934e-5
16 841 0.004652875738862809
16 881 0.00018121315305453422
16 921 0.04973711502216389
16 961 0.05885277698511432

17 1 0.0010079317739119726
17 41 0.013827880952989497
17 81 0.0003709453084249534
17 121 0.1726653335445981
17 161 0.2615208836443382
17 201 8.360185844023682e-5
17 241 0.00465603352540904
17 281 0.00013823173070024282
17 321 0.047357808592893985
17 361 0.18813337828268284
17 401 0.00047440918396829477
17 441 9.299185848943102e-5
17 481 0.06628143964370818
17 521 0.014996436824507188
17 561 6.242480415138572e-6
17 601 0.011622941659831522
17 641 3.236796900170919e-6
17 681 0.002533075593420365
17 721 0.005536525098571538
17 761 3.6629784334279e-5
17 801 2.395659439549862e-5
17 841 0.021621843759244714
17 881 4.968866191627544e-5
17 921 0.20775157517214235
17 961 0.25037069312842986

18 1 0.0016389540148150383
18 41 0.002188953689973984
18 81 6.652459840861175e-6
18 121 0.03439579226369577
18 161 0.08669390371875844
18 201 4.549823917307682e-5
18 241 0.0006816089252786576
18 281 0.00019460699864574244
18 321 0.012381290508289143
18 361 0.04674164979442854
18 401 0.00048424344023165655
18 441 6.487219043526155e-5
18 481 0.009169456564362403
18 521 1.8863333526581972e-5
18 561 3.5441073400543186e-6
18 601 0.002547099186212488
18 641 1.0786307493435535e-5
18 681 0.0010012005177459677
18 721 0.0026645248296245294
18 761 2.3990906928005252e-5
18 801 2.4535086070457966e-5
18 841 0.003831893923890644
18 881 0.00037022691674845376
18 921 0.042678227725343604
18 961 0.051123538176397136

19 1 0.0009252509661847741
19 41 0.03925846252000102
19 81 9.025645301441662e-6
19 121 0.12114752766943396
19 161 0.2555990353016556
19 201 1.6776111750443456e-5
19 241 0.004457046606645759
19 281 0.00019590421970093748
19 321 0.05901706920039769
19 361 0.17538592423397836
19 401 0.000382021011792058
19 441 4.863040648841872e-5
19 481 0.07062664436323028
19 521 0.003941034237965696
19 561 3.51285905709418e-6
19 601 0.009265566314780933
19 641 0.003500098043345264
19 681 0.002878640113303605
19 721 0.012970598720253388
19 761 9.535760763144404e-5
19 801 6.085310913823277e-5
19 841 0.01962792263299051
19 881 0.00010826282686108985
19 921 0.16009972826444785
19 961 0.21655046556596785

20 1 0.001710749693081386
20 41 0.0047597060828266724
20 81 3.009774389542145e-5
20 121 0.024072859789093713
20 161 0.03134246327329518
20 201 0.00011227667610785695
20 241 0.0016167004384527483
20 281 0.00016468733814654568
20 321 0.014286386610341727
20 361 0.04403422397888844
20 401 0.0004091174541691164
20 441 6.371764645810298e-5
20 481 0.01085953066654898
20 521 0.004080653379805532
20 561 3.1796390597557532e-6
20 601 0.0020147205449088284
20 641 0.000585355690570657
20 681 0.0010567150472117232
20 721 0.0018561293411016929
20 761 9.390486661020166e-5
20 801 0.0012565502678092261
20 841 0.004719374306245436
20 881 0.0001285711853843779
20 921 0.03442843379755692
20 961 0.050113270855273825

21 1 0.003852284588891143
21 41 0.005949609833594388
21 81 6.61809441179703e-5
21 121 0.029706197208219837
21 161 0.03260510898285645
21 201 0.00016611014257474757
21 241 0.0015083619431390594
21 281 0.00015952754548820126
21 321 0.011910636630955495
21 361 0.0325945996590848
21 401 0.0003650574224865328
21 441 6.684728336511886e-5
21 481 0.007493410082867763
21 521 0.0019315032371595379
21 561 2.5722358336200425e-6
21 601 0.0019878971233110313
21 641 0.00046508235998684303
21 681 0.0010832983942884438
21 721 0.0011358161239530902
21 761 7.766682157370363e-5
21 801 0.002763711865245307
21 841 0.0021659884762924866
21 881 0.00023711545346946525
21 921 0.027439829026809026
21 961 0.0399532957176403

22 1 0.0033927167072853467
22 41 0.01038088595717247
22 81 0.00014067442608321865
22 121 0.04527843597302354
22 161 0.03545441585826948
22 201 0.0005619503507031649
22 241 0.0014150685177029708
22 281 0.00027693171110238597
22 321 0.015530359750972464
22 361 0.03879896744957323
22 401 0.0004043362453329416
22 441 5.2373245634489774e-5
22 481 0.013170212080028523
22 521 0.006794876308097983
22 561 6.754250045058511e-6
22 601 0.0028585019608770856
22 641 0.0006026526025019336
22 681 0.0016762824018619555
22 721 0.00048161082535609965
22 761 0.0006241796268169888
22 801 0.00029097676224855196
22 841 0.004509321658588404
22 881 0.00018201427235568527
22 921 0.03609536150027402
22 961 0.044961512540276485

23 1 0.008450371981823674
23 41 0.019279113543582495
23 81 0.00041583433083904693
23 121 0.15520950628482838
23 161 0.20945082843200155
23 201 0.004055330825954535
23 241 0.003951145677225901
23 281 0.0003616057391882321
23 321 0.057324136591906064
23 361 0.13846854006296533
23 401 0.0006408744969898196
23 441 6.113118407126903e-5
23 481 0.07081607270819755
23 521 0.016943226538122486
23 561 8.223559290085401e-6
23 601 0.011424302004442789
23 641 0.0032806976638227923
23 681 0.006702283910088362
23 721 0.0003244800290090986
23 761 0.00932351946218722
23 801 0.014686271303712545
23 841 0.01806345779053603
23 881 9.187191049407975e-5
23 921 0.12790237670363355
23 961 0.12986379224929662

24 1 0.002157445282444568
24 41 0.00975361940555238
24 81 0.0003591632220016476
24 121 0.045514454484723535
24 161 0.06939540975644434
24 201 0.0012567921006089893
24 241 0.0014344267860271955
24 281 0.0004592052797039973
24 321 0.01664695395194336
24 361 0.026361520840878238
24 401 0.000649140198207352
24 441 4.2161779325896403e-5
24 481 0.011805804805754959
24 521 0.005615390556603496
24 561 1.772402329427092e-5
24 601 0.0030808269861964848
24 641 0.0009991006545967643
24 681 0.0029450479183857656
24 721 0.00019251807627700435
24 761 0.005988297232690717
24 801 0.003910452296318673
24 841 0.005546645421092379
24 881 8.872178763290324e-5
24 921 0.03619995691862986
24 961 0.036012426305200934

25 1 0.006624477189655958
25 41 0.013338031717413986
25 81 0.00039032866015098743
25 121 0.12334043869302685
25 161 0.23132016523255525
25 201 0.0025944285983785474
25 241 0.004120615444006778
25 281 0.0005193726841872875
25 321 0.060079107015327454
25 361 0.023506939314363713
25 401 0.0006429778397388621
25 441 4.9953826325096226e-5
25 481 0.06376284125864624
25 521 0.005287618638626306
25 561 3.0187245250716742e-5
25 601 0.011377911616872896
25 641 0.0033120591805025647
25 681 0.006382533573769433
25 721 0.0016694647459798817
25 761 0.06520911046715441
25 801 0.016146171997153506
25 841 0.019996618768792815
25 881 8.726117509543529e-5
25 921 0.1215839285627341
25 961 0.12458062937151719

26 1 0.0027098898317427056
26 41 0.009022777119575906
26 81 0.00034241692703087346
26 121 0.03095501574702489
26 161 0.05846407489949227
26 201 0.0012110258942846196
26 241 0.0015956322880752824
26 281 0.0008613412323379167
26 321 0.01723141634635162
26 361 0.0004124769079733399
26 401 0.0005855120869018068
26 441 2.798225394990323e-5
26 481 0.012625127214513594
26 521 0.0018679916195104194
26 561 2.1314048859639336e-5
26 601 0.003226434805783647
26 641 0.0009542541528793444
26 681 0.0005090386348956163
26 721 0.0010891419620213173
26 761 0.0162424010951725
26 801 0.002908780914638227
26 841 0.005752045036718257
26 881 6.71788458254996e-5
26 921 0.035652388149444256
26 961 0.04022846348922229

27 1 0.0012230707581324055
27 41 0.008037790710089922
27 81 0.000314446249973405
27 121 0.032380440730938105
27 161 0.08397125684598751
27 201 0.0010784391519432818
27 241 0.0013121588916908456
27 281 0.0004289030110947536
27 321 0.015932887224643668
27 361 0.00021951165788628894
27 401 0.0005351825208946698
27 441 2.8184406455108147e-5
27 481 0.016071787945476784
27 521 0.0018804829510565228
27 561 0.0010145568648518796
27 601 0.0028700387526133454
27 641 0.0008170705058277166
27 681 0.0012358812718023576
27 721 0.0011240031141363576
27 761 0.012780081722913617
27 801 8.378180144018119e-5
27 841 0.005175460448617393
27 881 0.00011328432168569224
27 921 0.02995338437129641
27 961 0.03324821935231044

28 1 0.0012206161587300442
28 41 0.007773554164712333
28 81 0.0004874362919257661
28 121 0.041303937796505215
28 161 0.08994682252291678
28 201 0.0011712084475632599
28 241 0.001468720653448975
28 281 0.0006849170268775349
28 321 0.018903000279845247
28 361 0.0010186837024754288
28 401 0.0005213888878437439
28 441 3.150337747563612e-5
28 481 0.020315678155157398
28 521 0.0023541143859001547
28 561 0.0016793733399663214
28 601 0.0034278847856997023
28 641 0.0009558473461947518
28 681 0.0026175917062410555
28 721 0.001549722389220746
28 761 0.013944783199778031
28 801 7.462795847198611e-5
28 841 0.006139870525753006
28 881 0.00013831974121888372
28 921 0.03379781441367081
28 961 0.0343387729964281

29 1 0.0034353014858903527
29 41 0.009124175078619375
29 81 0.0002878967299527093
29 121 0.1495237694523307
29 161 0.17750359172365193
29 201 0.0034100794499614946
29 241 0.004057772184954665
29 281 0.0003614800844662171
29 321 0.05971890985477584
29 361 0.0010719777225447378
29 401 0.00046228994057646665
29 441 3.556678441524636e-5
29 481 0.07191210952535505
29 521 0.002102788370428824
29 561 0.005859075391835433
29 601 0.011124788623977238
29 641 0.0032379562027257847
29 681 0.00431901055733196
29 721 0.0019466681763706804
29 761 0.04903793940414897
29 801 0.0003846024328289318
29 841 0.01990456835294443
29 881 0.00011046973701155105
29 921 0.0938896226447284
29 961 0.09567799433833678

30 1 0.0015979488264297116
30 41 0.007502115512065453
30 81 0.00028464615330857173
30 121 0.04686725443960176
30 161 0.06240681676275932
30 201 0.0012310464309505974
30 241 0.0014781171351723205
30 281 0.0003073195670824797
30 321 0.019475080705064093
30 361 0.0015983304120777946
30 401 0.000465692256790142
30 441 6.658394152068857e-5
30 481 0.021909584488880873
30 521 0.0022731805819440013
30 561 0.002357460494837353
30 601 0.0035612078149988595
30 641 0.0009916672883924372
30 681 0.0016059959670734726
30 721 0.00148782417959563
30 761 0.013071941853876856
30 801 7.685333257705786e-5
30 841 0.00657657105228681
30 881 0.00020874264372235433
30 921 0.031027208447359126
30 961 0.03173314098095986

31 1 0.002306662215008433
31 41 0.00785522003105996
31 81 0.00026305988391006336
31 121 0.14136568590713222
31 161 0.1391662243562718
31 201 0.004458705278415848
31 241 0.0032054863928179505
31 281 0.0003119940472510167
31 321 0.06064423694674261
31 361 0.0012014842134361965
31 401 0.00040101499633431637
31 441 6.101723931898383e-5
31 481 0.07225381423805999
31 521 0.0064652422075076954
31 561 0.007668429496256055
31 601 0.01100401457498514
31 641 0.0032257845264967427
31 681 0.0048724488730094145
31 721 0.0016035923948219616
31 761 0.0453825870526736
31 801 0.016203633416232852
31 841 0.020267298679127983
31 881 0.00014916591929386514
31 921 0.08860314022159055
31 961 0.09010628348660335

32 1 0.0009628009566258075
32 41 0.006977872251713523
32 81 0.000283211557280396
32 121 0.04038311841670587
32 161 0.03792089424253461
32 201 0.0011817615667141926
32 241 0.0004410223116365489
32 281 0.0002736529614530819
32 321 0.019254882494003825
32 361 0.0004972033218740251
32 401 0.00041297893348993833
32 441 0.00022367648980724656
32 481 0.023493110241861553
32 521 0.002775219756299468
32 561 0.002768168282504928
32 601 0.003776332110747426
32 641 0.000717032695884469
32 681 0.0030917816748716838
32 721 0.0013398427096844028
32 761 0.016838007182525986
32 801 0.005564922692864745
32 841 0.0071065291603188635
32 881 0.000438927169145756
32 921 0.030473046484223384
32 961 0.030775720047047164

33 1 0.0022688896820383616
33 41 0.006435152510407503
33 81 0.0002652668768040211
33 121 0.03493477241683419
33 161 0.04503761009938482
33 201 0.0010324523588296174
33 241 0.0005340816845231908
33 281 0.0002521957311768138
33 321 0.017555503860049265
33 361 0.0005143441044649813
33 401 0.00039118492110395183
33 441 0.0006184177936843712
33 481 0.022088028731671604
33 521 0.0013512943382715165
33 561 0.0026405184405749217
33 601 0.0035488124442555422
33 641 0.0009457077992228868
33 681 0.003742039655359196
33 721 0.0012279831408228065
33 761 0.017238440007500643
33 801 0.005247438482989456
33 841 0.006768894362962296
33 881 0.00016282813889512693
33 921 0.027814307273883912
33 961 0.027908171691334846

34 1 0.001554211248546137
34 41 0.006216850203477542
34 81 0.00028662315102782323
34 121 0.02250500885796343
34 161 0.058952222286705235
34 201 0.0010580306327830956
34 241 0.0028647433383428567
34 281 0.00024403361107265965
34 321 0.019684444840059323
34 361 0.0005855233090561388
34 401 0.0003701324218276313
34 441 0.0010690834577736898
34 481 0.02495060694712187
34 521 0.0006270538880444628
34 561 0.002996670857307261
34 601 0.003908070395910496
34 641 0.001051181289922617
34 681 0.004577034843369894
34 721 0.0011867198211507211
34 761 0.01996336027061011
34 801 0.005930522415055613
34 841 0.007560673520436514
34 881 0.00018228881655754154
34 921 0.02999989071210042
34 961 0.030044869885587557

35 1 0.004383370296302927
35 41 0.005133958321240295
35 81 0.00032272354362826346
35 121 0.06852829034861879
35 161 0.1865234580882823
35 201 0.0034060005010055298
35 241 0.007499967763406671
35 281 0.00025456654250224594
35 321 0.055659723789428815
35 361 0.0004488120588613719
35 401 0.00029198023636998213
35 441 0.0042980786414955246
35 481 0.07281858855575515
35 521 0.0020007636919629687
35 561 0.008490422078022026
35 601 0.010922999964223535
35 641 0.0031867793998552755
35 681 0.008022710244473014
35 721 0.0012691795377711374
35 761 0.05517154704413664
35 801 0.01689082914979789
35 841 0.02109284380496374
35 881 0.00011403808602947926
35 921 0.07823884339557917
35 961 0.07682135729475548

36 1 0.0015887273432626868
36 41 0.004905109343189122
36 81 0.0003357075836027724
36 121 0.017330183390422988
36 161 0.07663518114894141
36 201 0.0008716631469253198
36 241 0.000183280334863191
36 281 0.00017943441226412712
36 321 0.020961062956826277
36 361 0.000589066541839209
36 401 0.0004918288472528316
36 441 0.001507724819137977
36 481 0.02507913861664571
36 521 0.0011006485781253953
36 561 0.0032053159340840656
36 601 0.004068124456791867
36 641 0.0010837620571349893
36 681 0.004467431782925248
36 721 0.001055263780104553
36 761 0.01856980357241323
36 801 0.00622994822673927
36 841 0.007926349957966062
36 881 0.00021775038507492505
36 921 0.029381000179973162
36 961 0.030726924064900865

37 1 0.004416048444712648
37 41 0.00358555017377124
37 81 0.0004924657227165809
37 121 0.09473688913075083
37 161 0.21716567425743102
37 201 0.0024788451720094643
37 241 0.00036833382178672925
37 281 0.00031276646428464607
37 321 0.05556844161682429
37 361 0.0003488696926009093
37 401 0.0003041915014883656
37 441 0.004447594545295048
37 481 0.06905437066224031
37 521 0.005688999011840198
37 561 0.008683785356263555
37 601 0.010819647878880045
37 641 0.003172084815308673
37 681 0.007760651301211413
37 721 0.00115385952477345
37 761 0.04844412409462805
37 801 0.01695978441640381
37 841 0.02121732808120577
37 881 8.058142781607936e-5
37 921 0.07314726209864839
37 961 0.0778601057608216

38 1 0.001659722238914444
38 41 0.0040820008131250635
38 81 0.00037563382131352674
38 121 0.03595364645433685
38 161 0.0888074173905616
38 201 0.0006641114382981999
38 241 0.00046975133723686926
38 281 0.0007448535923784788
38 321 0.021831278556307215
38 361 0.0003802407122230242
38 401 0.0003316638215155176
38 441 0.001747865428645443
38 481 0.02570193267438411
38 521 0.0022170913761606318
38 561 0.0034132858278139943
38 601 0.004173473814387178
38 641 0.000976260373866518
38 681 0.004353168413842931
38 721 0.0009284645461689974
38 761 0.017048870103173443
38 801 0.006497943694403569
38 841 0.008285670313070459
38 881 0.00020884923785166566
38 921 0.028522724296673484
38 961 0.030505433669070544

39 1 0.0016135240866114102
39 41 0.00373003039069989
39 81 0.0003957255638068891
39 121 0.03476288733377378
39 161 0.08689293569826255
39 201 0.0004944644561465748
39 241 0.0004529428866896527
39 281 0.00107785278667668
39 321 0.02146963118163226
39 361 0.0005346666381474198
39 401 0.0003081746804091553
39 441 0.0017292098872305262
39 481 0.025914898380138253
39 521 0.002072672809288888
39 561 0.0033653321077202034
39 601 0.004091735561953255
39 641 8.879758515319778e-5
39 681 0.004207543516437361
39 721 0.0008864403529635776
39 761 0.015423514570496085
39 801 0.006407268804848004
39 841 0.008110555076266089
39 881 0.0006280358303873122
39 921 0.026955194352679884
39 961 0.028634988772190142

40 1 0.0017086869871518612
40 41 0.0031482386612501473
40 81 0.00044062704453055315
40 121 0.03713068974302032
40 161 0.08787465964818213
40 201 0.0004887651376756935
40 241 0.001435128310108309
40 281 0.0013657415679686933
40 321 0.023113723266220434
40 361 0.0003597423457613142
40 401 0.0002633249825178093
40 441 0.0018709081500568761
40 481 0.028488233405708344
40 521 0.002199157339981781
40 561 0.0036282425320531097
40 601 0.004375291504420401
40 641 4.9754414419928866e-5
40 681 0.00409021001596875
40 721 0.0008195174735545585
40 761 0.01517067888952372
40 801 0.006839828906838655
40 841 0.008668251056548799
40 881 0.0008967779703144171
40 921 0.027759064936698385
40 961 0.029502236231795376

41 1 0.004196790271556849
41 41 0.0026375268899650954
41 81 0.0009196909009778369
41 121 0.09293288429435102
41 161 0.1755282028423935
41 201 0.001127386924113217
41 241 0.00021937491968668476
41 281 0.004146137572013321
41 321 0.057198836630000936
41 361 0.0027067475273828147
41 401 0.00019966810600660647
41 441 0.004807475045872187
41 481 0.07287400265647934
41 521 0.006443164142794395
41 561 0.00903333266094205
41 601 0.010726995303276336
41 641 5.315665045795075e-5
41 681 0.00736157169408804
41 721 0.0008648440549922793
41 761 0.03425090185190221
41 801 0.017099675604781258
41 841 0.021387477399304147
41 881 0.003176461086315916
41 921 0.06301031032333167
41 961 0.06753135709509954

42 1 0.00167803252403528
42 41 0.0026541649188405103
42 81 0.0005188811896231738
42 121 0.03429425446691023
42 161 0.049693709045218436
42 201 0.001113176823482299
42 241 0.00031288922771703295
42 281 0.0015966157552197444
42 321 0.024094040353171833
42 361 0.0014889435070873386
42 401 0.000228612192682312
42 441 0.0019589690769791454
42 481 0.028254593855053942
42 521 0.0025840242706402054
42 561 0.0038116225121918946
42 601 0.004498866574811363
42 641 0.0003173391755531588
42 681 0.004122127399032171
42 721 0.0006892266140748677
42 761 0.012023562050287552
42 801 0.007113810236550483
42 841 0.00899485804840348
42 881 0.0009777767434550663
42 921 0.026099152828700636
42 961 0.028739490792471328

43 1 0.004051442530286929
43 41 0.0023655858733151527
43 81 0.0011233845270566321
43 121 0.08369327573328722
43 161 0.09872973521534728
43 201 0.005735469922399319
43 241 0.0017692806822115256
43 281 0.004332270533840732
43 321 0.057406193117402825
43 361 0.006014098685383772
43 401 0.00017782138713895955
43 441 0.0048112749038843215
43 481 0.07298035131761942
43 521 0.006314100510992689
43 561 0.009144893348251278
43 601 0.010648362761516988
43 641 0.003118941346288134
43 681 0.007179284589595993
43 721 0.0007887992182798175
43 761 0.026487317637324925
43 801 0.017086241295680385
43 841 0.021401590173589384
43 881 0.0010167165902576168
43 921 0.05467677014657092
43 961 0.06370514448094486

44 1 0.0017276439748387475
44 41 0.0025278461425183646
44 81 0.0006024330527721028
44 121 0.03298758635919342
44 161 0.032852390372398795
44 201 0.0020910894018423987
44 241 0.0016974925699860788
44 281 0.0018033330551611583
44 321 0.02559570936638987
44 361 0.002811904566598947
44 401 0.0002019708037924298
44 441 0.0020416349309749417
44 481 0.031251216228709564
44 521 0.0027213977983001013
44 561 0.004007837036731351
44 601 0.004632920049172466
44 641 0.0013695713888654628
44 681 0.0040345227267036795
44 721 0.0006721092699560029
44 761 0.009791180760337479
44 801 0.0073211439348555155
44 841 0.009355901304568795
44 881 0.0014041982188320856
44 921 0.02732605810833106
44 961 0.028223737178811516

45 1 0.0017066047987534072
45 41 0.002397235585381155
45 81 0.0006403834714669651
45 121 0.03205314583680667
45 161 0.055003165113328686
45 201 0.002131584365356653
45 241 0.0017089550218379085
45 281 0.0018510138905304444
45 321 0.025467349230960893
45 361 0.0026655672140591833
45 401 0.00019202702461919587
45 441 0.0020545165837162014
45 481 0.031531386244753566
45 521 0.002693000277255597
45 561 0.004059369381400065
45 601 0.0046442490382751994
45 641 0.0013860933437677308
45 681 0.003916720446780762
45 721 0.0006998392879968235
45 761 0.010040950899146818
45 801 0.007108679663221027
45 841 0.009437217384759299
45 881 0.0015362138094090771
45 921 0.031404336136702134
45 961 0.027705772643165257

46 1 0.0017053923271527097
46 41 0.0022121578864645105
46 81 0.0006879902094789983
46 121 0.03270382097068096
46 161 0.06636970070515133
46 201 0.0020807049829164362
46 241 0.0017539368167824225
46 281 0.0019180641543939815
46 321 0.02622565016073318
46 361 0.004470507466960606
46 401 0.00018822913796134912
46 441 0.0021074906870388347
46 481 0.032465535106040166
46 521 0.0027387018749707157
46 561 0.004201401557653421
46 601 0.004782990981558218
46 641 0.001432872129630718
46 681 0.003966426897453165
46 721 0.0010547557029167646
46 761 0.008802739859757243
46 801 0.007711821820013881
46 841 0.00970597788301099
46 881 0.001640550427438095
46 921 0.031018528827414828
46 961 0.02775177691789366

47 1 0.0037530193274038877
47 41 0.0018511279142485713
47 81 0.0014732716114159486
47 121 0.07010415674340319
47 161 0.14165726110265503
47 201 0.006075723364203509
47 241 0.003825869904127097
47 281 0.0044390010884647136
47 321 0.057579840102011365
47 361 0.009121893094068127
47 401 0.00021248383297931938
47 441 0.00480207053835183
47 481 0.07347592195465436
47 521 0.006254329139447751
47 561 0.009335947628380836
47 601 0.010558521922197951
47 641 0.0032512013040734136
47 681 0.006879441369838176
47 721 0.0007534063976104572
47 761 0.014497684914695597
47 801 0.017235468380779058
47 841 0.02150129810038986
47 881 0.004975023715145575
47 921 0.059173181055553664
47 961 0.057538786690578055

48 1 0.0017319537563633548
48 41 0.0019371748033902739
48 81 0.0007743131941882362
48 121 0.029279966235699218
48 161 0.0682023229850325
48 201 0.0024143030172238357
48 241 0.0019671801457824536
48 281 0.0020513211318345078
48 321 0.02704553318021902
48 361 0.0015163316609394485
48 401 0.00025476431041768574
48 441 0.002186763239828932
48 481 0.03381153248855506
48 521 0.0027675507209853245
48 561 0.004371959658228877
48 601 0.004947854689141693
48 641 0.0014953396495958728
48 681 0.003981875647296643
48 721 0.000619333618515606
48 761 0.006621176446851266
48 801 0.008031091404600517
48 841 0.010096968228606217
48 881 0.0013221262673746251
48 921 0.028021098187831918
48 961 0.027447826131898785

49 1 0.003672657023542494
49 41 0.001672074436774401
49 81 0.0016153167578750324
49 121 0.05937536302717692
49 161 0.14188100191538247
49 201 0.006077804764374893
49 241 0.0009129586791851602
49 281 0.004461487567594154
49 321 0.057443884283163174
49 361 7.285407958054465e-5
49 401 0.00015141400329139905
49 441 0.004827250997799459
49 481 0.07356922018609044
49 521 0.0060352868722548594
49 561 0.009373024712189421
49 601 0.010509444762753265
49 641 0.0032498068065972196
49 681 0.006750401061191874
49 721 0.0006890816057060035
49 761 0.008984253707689698
49 801 0.017214233217392454
49 841 0.021519892556997655
49 881 0.0030239730759790543
49 921 0.05567029631225187
49 961 0.05484590646541411

50 1 0.0016458209658283232
50 41 0.0017081667581643608
50 81 0.0008457295467346589
50 121 0.021797214278758283
50 161 0.06821840683852064
50 201 0.002523912603556063
50 241 0.0018662746599350237
50 281 0.0021432446883671097
50 321 0.027817076500808377
50 361 0.0007633191259379283
50 401 0.0001634144551794482
50 441 0.002294567994780038
50 481 0.03498534101426937
50 521 0.0024569701198554547
50 561 0.004548220978901444
50 601 0.005083144409145433
50 641 0.0015476639691955484
50 681 0.00399028436600668
50 721 0.0005632454737803565
50 761 0.004144041040547777
50 801 0.008194921753733958
50 841 0.010429726244691996
50 881 0.0005333522165635048
50 921 0.02733650081061144
50 961 0.02712433318923844

