2 1 7.016799876291492e-7
2 41 3.281101469162849e-7
2 81 1.4829471802828358e-6
2 121 6.952553181159542e-8
2 161 1.1914426126289494e-6
2 201 9.454433698542294e-7
2 241 2.153387291528918e-7
2 281 2.962821149600783e-7
2 321 6.375974014753065e-7
2 361 5.512979537969876e-7
2 401 2.0676199319357038e-7
2 441 1.1138679970401651e-6
2 481 6.096358366701198e-7
2 521 2.6592109298284842e-6
2 561 7.255235427088107e-7
2 601 5.491043406600332e-7
2 641 1.5870237643606482e-7
2 681 5.044835966272218e-7
2 721 1.1908103633577553e-6
2 761 1.8357788827799237e-6
2 801 4.34509643387467e-7
2 841 9.977890928773477e-7
2 881 2.7926774728206017e-6
2 921 0.17203688214956933
2 961 0.18595288448236202

3 1 1.7199126908964755e-7
3 41 2.639056936305657e-7
3 81 2.0577675943084456e-7
3 121 8.32747107787817e-8
3 161 3.0216055683842715e-7
3 201 2.6846990822182555e-7
3 241 2.1454685705583658e-7
3 281 2.393470575511302e-7
3 321 2.0241891389861115e-7
3 361 9.966958738757347e-8
3 401 7.45184450984346e-8
3 441 1.970030600235896e-6
3 481 1.0326462166421626e-7
3 521 5.691725334544352e-7
3 561 1.4531879028476137e-7
3 601 2.153562976431658e-7
3 641 9.944201654457742e-8
3 681 9.094761513843214e-8
3 721 4.076123102857078e-7
3 761 3.7690834083821223e-7
3 801 1.8235281581054683e-7
3 841 1.6527859398349452e-7
3 881 5.002491632885514e-7
3 921 4.51174356857002e-7
3 961 3.765985703876612e-7

4 1 2.7157772934704064e-7
4 41 4.419803928747603e-7
4 81 2.8516955089899303e-7
4 121 4.352287933675174e-7
4 161 2.639049751127616e-7
4 201 2.3319921897993085e-7
4 241 1.7940302409067185e-7
4 281 3.960382175904568e-7
4 321 2.2353161371186803e-7
4 361 1.2400724425581358e-6
4 401 3.1861687778568147e-6
4 441 1.0349636782737717e-5
4 481 6.2518619349047654e-6
4 521 3.2530777802510704e-7
4 561 4.1233034160383365e-7
4 601 3.6760546200057836e-7
4 641 1.8516826040109707e-5
4 681 1.548670966732276e-6
4 721 3.2997947784760983e-7
4 761 3.9944793527086835e-7
4 801 2.8688602555729683e-7
4 841 6.392302723709232e-7
4 881 2.8365136301077923e-7
4 921 2.4519625206791357e-6
4 961 5.411375099997848e-6

5 1 1.9693797257512517e-7
5 41 2.2705963027848128e-7
5 81 1.1875787309219555e-7
5 121 0.08356169367201015
5 161 3.465036318272875e-7
5 201 2.031524320727771e-7
5 241 3.9265203604194395e-7
5 281 2.1936251433554902e-7
5 321 1.910436078354389e-7
5 361 3.1431757239946746e-6
5 401 3.4597221863438847e-6
5 441 6.034903971653351e-6
5 481 0.01261284211256082
5 521 2.5475745455956756e-7
5 561 2.9329855574414556e-7
5 601 3.1790532478344144e-6
5 641 4.6366093267818935e-6
5 681 0.0040750450213832565
5 721 2.8323468160398533e-7
5 761 4.502622222874346e-7
5 801 4.771873639849525e-7
5 841 4.152278565436785e-7
5 881 2.63629013180184e-7
5 921 9.812164623542663e-5
5 961 8.402028404751596e-6

6 1 5.970500113131153e-7
6 41 2.5113335269435434e-7
6 81 5.9104567529968796e-5
6 121 0.02851443561793784
6 161 3.1876148591587223e-7
6 201 1.8153756786989197e-7
6 241 6.735989023853334e-5
6 281 2.5507654214859375e-7
6 321 0.004184453716285335
6 361 0.00035843775527054
6 401 9.933646224113642e-6
6 441 3.7056342213454964e-6
6 481 0.007858627046077073
6 521 3.2322348344159733e-7
6 561 6.190776670790085e-7
6 601 0.000863093382928995
6 641 3.7403788273167397e-6
6 681 0.002111989294548175
6 721 2.1732922549460837e-7
6 761 4.889659321243567e-7
6 801 2.542858599120251e-6
6 841 3.2905963279380645e-7
6 881 2.7444506033663583e-7
6 921 0.0005202336146238038
6 961 0.0006446460686787702

7 1 0.01119808281956759
7 41 1.9182439929995814e-7
7 81 0.00010853670684647165
7 121 0.17720887646131997
7 161 2.1724582852038967e-7
7 201 2.4006908870076913e-7
7 241 3.678490402697243e-5
7 281 2.2730502698041202e-7
7 321 0.03243872836053192
7 361 0.02335009921380637
7 401 3.465098547026782e-5
7 441 1.136127030583873e-6
7 481 0.05091993384745473
7 521 1.4258031449894605e-7
7 561 4.961143723651059e-7
7 601 0.00643356866687823
7 641 2.182134862911728e-6
7 681 0.004225222595181705
7 721 3.490108137685481e-7
7 761 2.807149266464652e-7
7 801 2.6009119180864014e-6
7 841 3.9467811872196e-7
7 881 1.5779483904811948e-7
7 921 0.20411934660064768
7 961 0.00034750071226270486

8 1 2.114033604340802e-5
8 41 2.3253680264277213e-7
8 81 5.214786697393985e-5
8 121 0.038960729420177
8 161 3.7806885120498463e-7
8 201 0.0004196021596252943
8 241 3.417648676908381e-5
8 281 2.8637129789575e-7
8 321 0.010427950615586164
8 361 0.01953849531297965
8 401 1.3822418002571571e-5
8 441 9.25268884760678e-7
8 481 0.011188415092014958
8 521 0.008283518092283776
8 561 1.1439917631978953e-6
8 601 0.0017269105964719774
8 641 1.6378890273809784e-6
8 681 0.0012742919426860077
8 721 1.9065717015405515e-6
8 761 4.4480989634418556e-7
8 801 0.0007950699080427699
8 841 3.5904209606004606e-6
8 881 1.6055479779058465e-6
8 921 0.08680361132393023
8 961 0.0665406900184334

9 1 1.2028886894858182e-5
9 41 2.969032509948378e-7
9 81 4.371306235584229e-5
9 121 0.09960666210060115
9 161 4.4762333358670314e-7
9 201 0.0017759316868375332
9 241 2.846940633599565e-5
9 281 5.004350363118211e-7
9 321 0.02580440160472188
9 361 2.9265202020510514e-5
9 401 7.060056668894229e-6
9 441 8.283076560867206e-7
9 481 0.032738328243254414
9 521 0.06058231150894208
9 561 3.068247966677559e-7
9 601 0.0024966258407975056
9 641 1.294020570336732e-6
9 681 0.0002701407923393288
9 721 3.012348401999749e-6
9 761 5.642384080722696e-7
9 801 0.0066967694171000324
9 841 0.0039044028324767507
9 881 8.641742654856021e-7
9 921 0.24007325080740174
9 961 0.2482839602772205

10 1 1.3309535299546886e-5
10 41 4.207909363253223e-7
10 81 2.145512941073956e-5
10 121 0.038382811938719806
10 161 6.777727529768338e-7
10 201 0.0007190202360361202
10 241 1.0409905149847684e-5
10 281 1.3831194420976082e-6
10 321 0.010280406941405102
10 361 0.004925031593365289
10 401 4.840514864890746e-6
10 441 1.322605056958384e-8
10 481 0.012611773231851371
10 521 0.023743815404383903
10 561 3.4141354823932364e-7
10 601 7.197087348967567e-7
10 641 1.3125444139439737e-6
10 681 0.0013628087004522867
10 721 1.8640199595848925e-6
10 761 1.038311045697944e-6
10 801 0.0021849344620944143
10 841 0.0036101649794714544
10 881 7.641270364822207e-7
10 921 0.08257531842792375
10 961 0.086061113817387

11 1 1.1093383291042882e-5
11 41 2.3850813116998303e-7
11 81 1.4511413421233407e-5
11 121 0.1462757298285086
11 161 8.501623336431482e-7
11 201 5.930641578627395e-6
11 241 1.7465812870289457e-5
11 281 9.704102976136566e-7
11 321 0.04872616920197624
11 361 0.012595802337606219
11 401 3.03767541435813e-6
11 441 2.2659277573333527e-8
11 481 0.06051822202259261
11 521 0.14770187232738227
11 561 0.0009766609661592252
11 601 0.008564229165153356
11 641 6.918412001991624e-7
11 681 0.00013639909532543642
11 721 1.0810736412430012e-5
11 761 1.1483553922399613e-6
11 801 0.010577738035086378
11 841 0.017235438488057375
11 881 6.947232794095369e-7
11 921 0.34106254622926546
11 961 0.35912267942806275

12 1 1.0144645612104532e-5
12 41 1.5618771601758943e-7
12 81 1.3709420932709475e-5
12 121 0.026983655004755153
12 161 5.206725350753924e-7
12 201 2.261000259064317e-6
12 241 0.0002726452058716197
12 281 7.201303729684848e-7
12 321 0.01142263153726854
12 361 0.003437925438096223
12 401 4.190593535626227e-6
12 441 4.2067814958821083e-8
12 481 0.013926357922332776
12 521 0.022860170032747255
12 561 4.778224802837869e-7
12 601 0.0021794745434022904
12 641 8.479469930633823e-7
12 681 0.00014308676388256346
12 721 0.00016673611007064301
12 761 8.082762637282203e-7
12 801 1.7430191272523547e-6
12 841 0.004025507546206752
12 881 5.498703375868119e-7
12 921 0.06658103722253737
12 961 0.07282996147415309

13 1 1.1166386245055018e-5
13 41 1.1887536097465599e-7
13 81 2.8953519676005278e-5
13 121 0.1305447807112791
13 161 3.2012329950693375e-7
13 201 1.466469711260478e-6
13 241 0.003651026285001137
13 281 5.606681299535586e-7
13 321 0.03592995841823985
13 361 0.019349420820432662
13 401 3.3977541683787005e-6
13 441 6.913151161191831e-7
13 481 0.07175340494553185
13 521 0.09325250000041754
13 561 1.7645634937146704e-7
13 601 0.0090021850232271
13 641 4.416577430212079e-7
13 681 0.004591485941300739
13 721 0.00010654496219302946
13 761 5.117782215048405e-7
13 801 7.641998261313792e-7
13 841 0.019674914221562142
13 881 9.997284840293013e-7
13 921 0.31792537265526566
13 961 0.3436543941319332

14 1 1.0801491987397727e-5
14 41 1.0930007155364807e-6
14 81 1.0069829311970995e-5
14 121 0.03200157193055459
14 161 4.7556611992942624e-7
14 201 1.5323766247274192e-6
14 241 0.0007800332594249026
14 281 1.9464451175131616e-6
14 321 0.0056613550049502545
14 361 0.00390618115708424
14 401 6.505843581948324e-6
14 441 1.0398926874511488e-6
14 481 0.015178560154416083
14 521 0.014076314428135032
14 561 2.3038495282853305e-7
14 601 0.0023840394336970966
14 641 1.9581053019952266e-7
14 681 0.0012536698969530492
14 721 0.00010258785097853047
14 761 5.065393363610281e-7
14 801 4.855748475464396e-7
14 841 0.004339700221494393
14 881 1.7263676631517326e-6
14 921 0.06051804112677897
14 961 0.06652758606436227

15 1 1.0995970353530435e-5
15 41 0.0014603826235605212
15 81 7.138968367032858e-6
15 121 0.03880071480295874
15 161 1.1538638789991975e-6
15 201 1.1556909764713767e-6
15 241 0.0008522151649055161
15 281 2.2063790273463056e-6
15 321 0.005336591237241982
15 361 0.03621025763216581
15 401 5.726196989592853e-6
15 441 1.252293681582529e-6
15 481 0.016504129302692138
15 521 0.011160962934310297
15 561 1.1565144939310223e-7
15 601 0.002567344707057008
15 641 2.5999703547818177e-8
15 681 0.0012197373372492646
15 721 7.113624387553598e-5
15 761 5.158608423775342e-7
15 801 8.922250965209651e-7
15 841 0.004851022106974076
15 881 2.409696285254302e-6
15 921 0.05670762081203579
15 961 0.06470112966527664

16 1 9.29416183593004e-6
16 41 0.0003601258791522887
16 81 2.542167341471429e-7
16 121 0.02505628622526819
16 161 0.05939843176708902
16 201 1.2590245044134369e-6
16 241 0.0008550057621215212
16 281 1.807941705550868e-6
16 321 0.012126259731073662
16 361 0.029013159229593678
16 401 5.6768591908631725e-6
16 441 9.083506920070571e-7
16 481 0.01638865898526279
16 521 0.010508137696628788
16 561 7.195060293601102e-8
16 601 0.0025428547340783556
16 641 1.4938778453728873e-8
16 681 0.0012855553752140125
16 721 2.8547783976827734e-5
16 761 4.2322169330904955e-7
16 801 5.040321514256401e-7
16 841 0.004751843733657335
16 881 1.3368378400315127e-6
16 921 0.050995803263695905
16 961 0.059390682198340955

17 1 1.0716372984076339e-5
17 41 0.010561320954027727
17 81 9.306343550944997e-8
17 121 0.11053215779158891
17 161 0.3076746821987034
17 201 7.436818824163843e-7
17 241 0.003809705959353824
17 281 1.5416895624011407e-6
17 321 0.04792591431515699
17 361 0.1782035445799377
17 401 4.14254922922234e-6
17 441 7.258676835563732e-7
17 481 0.07522677596267871
17 521 0.02930914841828685
17 561 5.210641199065692e-8
17 601 0.011719623491026546
17 641 2.0100933451335756e-8
17 681 0.004879543723224706
17 721 5.6974850960795055e-5
17 761 3.965281689560578e-7
17 801 2.1557705682477553e-7
17 841 0.02166596828728651
17 881 3.3304486929745553e-7
17 921 0.207643660243856
17 961 0.25023635246300274

18 1 1.057866466001192e-5
18 41 0.0029932963392704545
18 81 5.1640505198543454e-8
18 121 0.025081588191898155
18 161 0.07760511074131754
18 201 5.0144734143782e-7
18 241 0.0009012748243074134
18 281 1.51007789176933e-6
18 321 0.012619757584156819
18 361 0.04168283743645219
18 401 4.737218376107151e-6
18 441 4.2628648351165564e-7
18 481 0.017721912883812183
18 521 0.001977272260597304
18 561 2.5050899674229956e-8
18 601 0.002197740504181111
18 641 8.711429518532158e-8
18 681 0.0011199415630971643
18 721 5.102850924253673e-5
18 761 4.688243790128568e-7
18 801 9.181845130690717e-8
18 841 0.003981353058073461
18 881 1.9571416572623543e-7
18 921 0.04281192482524434
18 961 0.05229113125182498

19 1 7.909277874834936e-6
19 41 0.019710319883467973
19 81 5.953039211985964e-7
19 121 0.0967888672960653
19 161 0.32636996260297174
19 201 1.0730791442684636e-6
19 241 0.0038085868941925786
19 281 4.053193736422081e-6
19 321 0.0595271310186775
19 361 0.18790835556701513
19 401 3.4398520902657485e-6
19 441 3.073358058543511e-7
19 481 0.07529121194230784
19 521 0.03415766824942082
19 561 2.5799305511037466e-8
19 601 0.009306146115616611
19 641 0.0032852700667665886
19 681 0.0020831856234762103
19 721 0.00010731804287765263
19 761 1.9251414752576126e-6
19 801 3.7977392371551447e-7
19 841 0.020302017365651997
19 881 0.0003451606666261551
19 921 0.16046870065493754
19 961 0.2156549745889003

20 1 1.6364647491879637e-5
20 41 0.0069176399821879635
20 81 1.6497202378120478e-7
20 121 0.026672805015384386
20 161 0.05684599377602484
20 201 5.708938984350339e-7
20 241 0.0009571711721226657
20 281 1.865330335716865e-6
20 321 0.014493768757291282
20 361 0.045748507512762465
20 401 3.965522853176262e-6
20 441 5.514155323871001e-7
20 481 0.018784082201399207
20 521 0.008697662516735935
20 561 2.9587807906560843e-8
20 601 0.0023633517100962956
20 641 0.0008267304675729405
20 681 0.00037823251417175855
20 721 5.6899139940173455e-5
20 761 4.6368292346635977e-7
20 801 0.00036257313812388574
20 841 0.0049521513825098425
20 881 0.0018010493170230724
20 921 0.033971503856110113
20 961 0.05005913190837842

21 1 0.004157189121758875
21 41 0.008924624166408752
21 81 4.5683464755487235e-7
21 121 0.03390625229594574
21 161 0.04030360072735589
21 201 1.7277078016392784e-6
21 241 0.0007904474352943954
21 281 1.4980497125391731e-6
21 321 0.012137453756968947
21 361 0.03194688325888366
21 401 3.4523276931867423e-6
21 441 6.176997945413331e-7
21 481 0.015465279395666892
21 521 0.006677825646215016
21 561 4.0759471560406424e-8
21 601 0.0022964290107937695
21 641 0.0006831097466664016
21 681 0.0011269740011790497
21 721 4.03221188778805e-5
21 761 2.683961408307037e-7
21 801 0.0034535521855288305
21 841 0.0032602611495191427
21 881 0.001759462899448069
21 921 0.027551006633710035
21 961 0.03964475658601411

22 1 0.003693957369787031
22 41 0.014177300152191898
22 81 5.243492475779146e-6
22 121 0.0457495385673481
22 161 0.03819995499087316
22 201 0.0015000022198827178
22 241 0.0010173328900359275
22 281 1.7249742472700858e-6
22 321 0.01588493105761076
22 361 0.04089319762901949
22 401 9.366042730749743e-6
22 441 4.630040901021057e-7
22 481 0.019955287543806755
22 521 0.008850653973573559
22 561 5.239966590088283e-8
22 601 0.0030949717993959593
22 641 3.658787352933915e-5
22 681 0.001404368148709199
22 721 5.411445480223263e-6
22 761 1.1535142414994326e-7
22 801 1.8867407333826966e-6
22 841 0.004958236836188882
22 881 0.0021798118370204107
22 921 0.03608578975242048
22 961 0.04669453966654092

23 1 0.007393855283533497
23 41 0.00037260035292324386
23 81 3.5438337529993226e-6
23 121 0.19973519354492528
23 161 0.1882014677464406
23 201 0.006062100534756388
23 241 0.003809768560374322
23 281 2.922524348493118e-6
23 321 0.05687609020639014
23 361 0.14197686166433857
23 401 6.170311338747246e-6
23 441 4.831995227285812e-7
23 481 0.07534455136269178
23 521 0.03738909859688766
23 561 5.173294384674605e-8
23 601 0.011567197582357889
23 641 0.003271865216119233
23 681 0.00532417891772557
23 721 2.2933243505962262e-6
23 761 0.012193704671062459
23 801 0.01497218690400979
23 841 0.012578745426537462
23 881 1.2487864377226437e-6
23 921 0.12821934165886387
23 961 0.1447835697881296

24 1 0.0024156206694880204
24 41 0.000242105591277623
24 81 3.401602929008963e-6
24 121 0.05325457249788856
24 161 0.06266634646463042
24 201 0.001639957887633083
24 241 0.0010738146785326669
24 281 4.5589878744720715e-6
24 321 0.016901182939853154
24 361 0.015297615032028259
24 401 7.326472654105722e-6
24 441 3.750231650481828e-7
24 481 0.01842501996966434
24 521 0.008150873355844952
24 561 1.526382121744996e-7
24 601 0.0032563696067710785
24 641 0.0009374749801313129
24 681 0.0015366159411702687
24 721 1.5378338468337848e-6
24 761 0.005717404425973395
24 801 0.004201274352557158
24 841 0.005610049157280568
24 881 1.0932633301775448e-6
24 921 0.036171912555184815
24 961 0.0361532304283973

25 1 0.006360772874191263
25 41 0.00023579995168796077
25 81 3.0034644212002836e-6
25 121 0.15099872874205114
25 161 0.2295268757430564
25 201 5.1201568105549054e-5
25 241 0.0038128345571572728
25 281 5.63159520795218e-6
25 321 0.06043238992859407
25 361 0.02244391726749179
25 401 5.648265765658079e-6
25 441 3.7120675916866194e-7
25 481 0.07034601602756746
25 521 0.03531717527080304
25 561 2.3671030224813077e-7
25 601 0.011396874494878181
25 641 0.0032933368623333987
25 681 0.0052089880684434015
25 721 0.0006689193339558657
25 761 0.038911801140414086
25 801 0.01661091692824514
25 841 0.020059118191658197
25 881 1.1300350847382773e-6
25 921 0.12156115159222802
25 961 0.12488838201303265

26 1 0.003989913393500382
26 41 9.035726765123923e-5
26 81 2.7948187177658185e-6
26 121 0.0446536737381784
26 161 0.06040540467440486
26 201 0.001806119518616869
26 241 0.0011365281035103907
26 281 0.0006057169617906831
26 321 0.01739031651107363
26 361 2.7631116792182524e-6
26 401 6.234398418657141e-6
26 441 2.7092948962528396e-7
26 481 0.01906952651953613
26 521 0.001953611380443968
26 561 1.728598925242672e-7
26 601 0.0033691629912565974
26 641 0.0009757621498047931
26 681 8.596479162590416e-5
26 721 2.3535157211788015e-5
26 761 0.013552635442269092
26 801 0.0001799679699501745
26 841 0.005822636308921656
26 881 4.066971472196405e-7
26 921 0.035648721125098294
26 961 0.040736790502086055

27 1 0.0028800036912126565
27 41 6.89651888084996e-5
27 81 2.4939069800496127e-6
27 121 0.040803761869611876
27 161 0.08361683192633546
27 201 0.0014592024290529717
27 241 0.0011366343196965545
27 281 5.1655741915983706e-6
27 321 0.016117903206123513
27 361 1.4394704367583607e-6
27 401 5.722326368482837e-6
27 441 2.540550349408534e-7
27 481 0.019946783742190714
27 521 0.0010118663974494938
27 561 0.0011578643946910689
27 601 0.002990430633085219
27 641 0.0008688383845754238
27 681 0.0012768194261489486
27 721 2.1697451360731772e-5
27 761 0.01404894450081448
27 801 4.4549943893187075e-7
27 841 0.005225101333875101
27 881 3.7066206664801503e-7
27 921 0.03012479129461082
27 961 0.03319581975557986

28 1 0.00011932307758814345
28 41 6.152697537229036e-5
28 81 3.7330690623709506e-6
28 121 0.04657554531674672
28 161 0.09197721311835978
28 201 7.842228190093797e-5
28 241 0.0012005012320354456
28 281 4.858326574603254e-6
28 321 0.01905842987377765
28 361 7.99505093188117e-6
28 401 5.292652001589737e-6
28 441 2.5072928777636195e-7
28 481 0.023570937949330798
28 521 0.005058661104589126
28 561 0.001732020837298596
28 601 0.003628457331475152
28 641 0.001026560033624272
28 681 0.0016648741053958262
28 721 3.801977287481343e-5
28 761 0.017537820427319797
28 801 1.2830241635584907e-6
28 841 0.006235901959799003
28 881 0.0010640675251336828
28 921 0.03390465186630346
28 961 0.03438463296318567

29 1 0.0001525931804578042
29 41 5.5987157631536206e-5
29 81 2.2765222970387823e-6
29 121 0.14674016772239257
29 161 0.15784191299722475
29 201 0.006296747252890796
29 241 0.003807664489837752
29 281 2.3254631217247353e-6
29 321 0.059848507678152245
29 361 0.014159883048307412
29 401 4.499805158518328e-6
29 441 2.0886753879023185e-7
29 481 0.07534848196237331
29 521 0.009766313873913064
29 561 0.0055477543674204025
29 601 0.011207514824005865
29 641 0.0032739358628854176
29 681 0.004764376394621993
29 721 1.9247622760731937e-5
29 761 0.05021626382706445
29 801 5.164599769518525e-6
29 841 0.01996579956108743
29 881 0.0017052944200792617
29 921 0.09420655024255105
29 961 0.09569784629128837

30 1 0.001607961941977023
30 41 4.890491418115937e-5
30 81 2.038896318930112e-6
30 121 0.04531782575433126
30 161 0.05955784186916384
30 201 0.002067828341417967
30 241 0.0012510695835558012
30 281 4.4555403489143596e-6
30 321 0.019573382161357487
30 361 5.275436160796025e-5
30 401 4.577877595426627e-6
30 441 2.524037187647497e-7
30 481 0.02471196212213184
30 521 0.00037632405240047175
30 561 0.0023656040229314656
30 601 0.003705804972949325
30 641 0.0010746867888139179
30 681 0.0015685318834571546
30 721 1.8742380700674213e-5
30 761 0.01630202659014865
30 801 7.974213731489413e-7
30 841 0.006609141144565251
30 881 0.00263265784771637
30 921 0.031045117615010057
30 961 0.031696328313833844

31 1 0.0016370984897481494
31 41 4.9913062353825135e-5
31 81 2.0118238722611713e-6
31 121 0.13758378888517703
31 161 0.13938502583979548
31 201 0.006373704316410533
31 241 0.0029490391721473646
31 281 3.360366046116163e-6
31 321 0.060821837129772384
31 361 1.7581419561917723e-5
31 401 3.844820638111672e-6
31 441 6.726720303670366e-7
31 481 0.0754025455450442
31 521 0.0019121728909147924
31 561 0.007949345144978024
31 601 0.011062215163785014
31 641 0.003274867827075126
31 681 0.004763951788064055
31 721 1.7206653958637338e-5
31 761 0.04570025517649794
31 801 0.016486791621251388
31 841 0.020911921344119212
31 881 0.007401100343938503
31 921 0.08860836206034342
31 961 0.09091397040957386

32 1 0.0010763726442582114
32 41 4.903988602135993e-5
32 81 1.6654096728327614e-6
32 121 0.036652868371618866
32 161 0.03768016474858523
32 201 0.002180230700904458
32 241 0.00012480977370534527
32 281 3.3428821984616925e-6
32 321 0.019406140643600963
32 361 3.276747282086814e-6
32 401 4.010076188704141e-6
32 441 1.4895901250043334e-6
32 481 0.025892751821940563
32 521 0.0021039097985792346
32 561 0.0028094216501691645
32 601 0.003969127200544207
32 641 0.001127627486587764
32 681 0.0018250148780219232
32 721 1.627179136698221e-5
32 761 0.018348946996815028
32 801 0.005609470162124956
32 841 0.007221761351429241
32 881 0.0030234952353907292
32 921 0.03046254037352152
32 961 0.030779542524534544

33 1 0.0029224791047261466
33 41 4.581256340229787e-5
33 81 1.6411989649388127e-6
33 121 0.03262422814293013
33 161 0.04523972295647931
33 201 0.0019012632666089472
33 241 0.00038369540456898143
33 281 3.0614003171116227e-6
33 321 0.017761239557059605
33 361 3.1943809523965993e-6
33 401 3.7506703448160717e-6
33 441 3.287945385280673e-5
33 481 0.024386302324991522
33 521 0.0003954768699128869
33 561 0.002648721469477357
33 601 0.0037417540143823047
33 641 0.001068333293185155
33 681 0.0017298574147775667
33 721 1.4621928367557526e-5
33 761 0.018994297705717977
33 801 0.0052861225648249315
33 841 0.0068205343433286264
33 881 3.6600107985796442e-6
33 921 0.02779997523138487
33 961 0.027904856737298374

34 1 0.0017403891317569636
34 41 4.2158378984655146e-5
34 81 1.506404785691052e-6
34 121 0.012197680736181082
34 161 0.05945179674157943
34 201 0.0018878021547891228
34 241 0.0030551214325039624
34 281 2.990879582073283e-6
34 321 0.01976609783204992
34 361 3.6251203805945507e-6
34 401 3.520040451676789e-6
34 441 0.0014551408309492317
34 481 0.02713782640450627
34 521 0.0005360248304944233
34 561 0.003025256005503742
34 601 0.003935402687114856
34 641 0.0011831919673451106
34 681 0.0019194089905942217
34 721 1.4003293084272363e-5
34 761 0.021795127394015918
34 801 0.006154045508030233
34 841 0.0076117591880246645
34 881 2.8304767013730146e-6
34 921 0.02999023000767014
34 961 0.03004043954979897

35 1 0.0047102932779782445
35 41 2.9544622823576672e-5
35 81 1.5437890117603124e-6
35 121 0.03524892007444437
35 161 0.1884627567070836
35 201 0.004626550892866054
35 241 0.007799007172897643
35 281 2.5916590093392587e-6
35 321 0.055748109650166466
35 361 3.034907134427339e-6
35 401 3.0766819021524264e-6
35 441 0.004855478707283246
35 481 0.07544397783184006
35 521 0.0019382981071672147
35 561 0.008534727036856989
35 601 0.010897605985301023
35 641 0.0032838271759528053
35 681 0.005281940122785571
35 721 1.2945144984394286e-5
35 761 0.05055220514483812
35 801 0.017141650430878997
35 841 0.021136897657407127
35 881 2.0771097897116494e-6
35 921 0.07827189797823285
35 961 0.07759140292407771

36 1 0.0017514717245135241
36 41 2.5234082547701407e-5
36 81 3.858166704486253e-5
36 121 0.007647038142503319
36 161 0.07672175250344737
36 201 0.0014668191533203177
36 241 3.344069700918878e-6
36 281 8.739654457117147e-6
36 321 0.02122521886943274
36 361 2.870567977528611e-6
36 401 3.0603891041867905e-6
36 441 0.0018115814390079002
36 481 0.027232167857403147
36 521 0.0011328034135462124
36 561 0.0032467303423204326
36 601 0.004082056848836399
36 641 0.0012340625216686343
36 681 0.0019994909027373064
36 721 1.2216987517082316e-5
36 761 0.019866430191308883
36 801 0.0064496237239058994
36 841 0.007980329376661245
36 881 4.920744111094504e-7
36 921 0.029377455335529278
36 961 0.030741262214437844

37 1 0.0045793352402895525
37 41 2.3294523536023637e-5
37 81 0.00024481031115598616
37 121 0.09892775360362344
37 161 0.21615918177740334
37 201 0.0033303342434774065
37 241 0.00033983314697632423
37 281 2.741937878285365e-6
37 321 0.055583487269709894
37 361 2.3793772138413026e-6
37 401 2.8535348988608536e-6
37 441 0.004805062824887971
37 481 0.0753526916568423
37 521 0.009212760437244049
37 561 0.008730333926894228
37 601 0.010816613853536097
37 641 0.0032809946302592243
37 681 0.005273706063442016
37 721 1.1186742053237412e-5
37 761 0.04522817077969177
37 801 0.017174307323415527
37 841 0.02127076111458951
37 881 6.822913773183828e-7
37 921 0.07314996323627684
37 961 0.07787621350978885

38 1 0.0017595434251114878
38 41 2.1812747792985554e-5
38 81 0.00015295763631376931
38 121 0.03802753829220429
38 161 0.08881749790232195
38 201 0.0010835261799469402
38 241 0.0004380132429800435
38 281 0.001018948674112025
38 321 0.021883019648537658
38 361 1.818783356408029e-6
38 401 2.803849336767017e-6
38 441 0.0019187781542031783
38 481 0.029483972124379833
38 521 0.003439285823183624
38 561 0.003454726918477295
38 601 0.004219134121462327
38 641 0.0012848353186844645
38 681 0.002077067763880183
38 721 1.0395936977449338e-5
38 761 0.018507754557685403
38 801 0.006676504271273538
38 841 0.00834191806394746
38 881 1.2091374693134673e-6
38 921 0.028517011489952726
38 961 0.030472020041190467

39 1 0.0016876745598378975
39 41 2.0614886979127152e-5
39 81 0.00020276880572895744
39 121 0.03601449426019022
39 161 0.08690215239986089
39 201 0.0007984672124254482
39 241 0.00030189975053818407
39 281 0.0017016050192864016
39 321 0.0215244263073446
39 361 0.00013172701535770298
39 401 2.8929474977085593e-6
39 441 0.001864346159391524
39 481 0.028822903714406007
39 521 0.0035309130604016113
39 561 0.00340780619340035
39 601 0.004113700912644793
39 641 9.151838525411923e-7
39 681 0.0020295750182469765
39 721 1.0541810144321899e-5
39 761 0.01689420672092656
39 801 0.006593915178075718
39 841 0.008167449202437565
39 881 0.003047827388141034
39 921 0.026951001809207942
39 961 0.028600892119962886

40 1 0.0017653636194957928
40 41 1.7151828019290424e-5
40 81 0.00027026209159319284
40 121 0.03828496122952029
40 161 0.08765193796548641
40 201 0.0007493501866456444
40 241 0.0015012451301437888
40 281 0.0016305600212418575
40 321 0.023199461964542242
40 361 1.2569061961490285e-6
40 401 2.421384434756924e-6
40 441 0.0020001339775796564
40 481 0.03074418118240725
40 521 0.003671327515870264
40 561 0.0036709875881281184
40 601 0.0043791510420886325
40 641 4.652952709659208e-7
40 681 0.002163477988506985
40 721 9.607098553946372e-6
40 761 0.016493641277473034
40 801 0.007040518644008897
40 841 0.008724882569297722
40 881 0.0034767608915472004
40 921 0.027758630489863986
40 961 0.029473219915450835

41 1 0.00424276988203053
41 41 1.9210536491159705e-5
41 81 0.0007870186563237471
41 121 0.09410659442099065
41 161 0.1757189617687513
41 201 0.0014991021021159246
41 241 0.00025049746681932167
41 281 0.00447687397958507
41 321 0.05727602880703385
41 361 0.0018187758315915104
41 401 2.065075301687148e-6
41 441 0.004920967257081301
41 481 0.0754148052469431
41 521 0.01052683667666587
41 561 0.009078931124392908
41 601 0.01071193439427623
41 641 4.407057042434614e-7
41 681 0.005275762128069209
41 721 8.210707439262266e-6
41 761 0.03375307033589935
41 801 0.0173028522383701
41 841 0.0214425841007306
41 881 0.008512024410214024
41 921 0.06304189091017111
41 961 0.06752770524926259

42 1 0.0017256426119261904
42 41 1.609361222101312e-5
42 81 0.00038222287694974274
42 121 0.037951242561802996
42 161 0.04973590111023207
42 201 0.002054983906204216
42 241 0.00021060489729441388
42 281 0.001874116598835099
42 321 0.024073688292535537
42 361 0.0025727759210541316
42 401 2.141006057131246e-6
42 441 0.0020774194874748574
42 481 0.030475974914503084
42 521 0.003998398938113844
42 561 0.0038559761308560006
42 601 0.004506329204338126
42 641 0.0003723070768734557
42 681 0.0022349387890248894
42 721 8.226828674949063e-6
42 761 0.013251867020145927
42 801 0.007299853605284922
42 841 0.009053074618982197
42 881 0.0036844107462190084
42 921 0.0261345649101765
42 961 0.0287168097342273

43 1 0.0040825074821254454
43 41 1.7545928198414792e-5
43 81 0.001012885404048956
43 121 0.08500886033083252
43 161 0.09881024432449773
43 201 0.006984585795117913
43 241 0.0017799850312677252
43 281 0.004481852193058621
43 321 0.0574239063657752
43 361 0.007274974290747218
43 401 1.8473124318292838e-6
43 441 0.0049227700643747685
43 481 0.07524312973350915
43 521 0.010267601648493194
43 561 0.009191126694597384
43 601 0.01064106816259881
43 641 0.003284330545409561
43 681 0.0052651468559155095
43 721 7.695681060148434e-6
43 761 0.02694084242472222
43 801 0.01727371429934021
43 841 0.021456531211511
43 881 0.00014357605492759543
43 921 0.07279689990719412
43 961 0.06370371353884999

44 1 0.001740016969718681
44 41 1.6089133801412375e-5
44 81 0.0004898660241492768
44 121 0.03567888814651131
44 161 0.032408551422113865
44 201 0.003039554011946521
44 241 0.001675136190500144
44 281 0.001962120611057486
44 321 0.025676411504682934
44 361 0.003514002419204482
44 401 1.913963270342002e-6
44 441 0.0021577500158192742
44 481 0.033014860826779915
44 521 0.0030172327381193555
44 561 0.004054080599821699
44 601 0.0046526046305999475
44 641 0.0014373016203211967
44 681 0.002316381511044113
44 721 7.41752581032042e-6
44 761 0.010780234132694374
44 801 0.007494988511554789
44 841 0.009412636165040747
44 881 0.00403845407557125
44 921 0.03201603603063127
44 961 0.028205649449265218

45 1 0.0017157894845131823
45 41 1.5698032651646487e-5
45 81 0.000536420047965239
45 121 0.03426143342257949
45 161 0.05514747155801705
45 201 0.003053259063437009
45 241 0.001685450008093561
45 281 0.0019782520325349346
45 321 0.025457351235042867
45 361 0.0028886786729277413
45 401 1.7809929866966903e-6
45 441 0.0021744859761859974
45 481 0.03327065346390904
45 521 0.004275657797471739
45 561 0.004106219938776693
45 601 0.004676828519526322
45 641 0.0014472297775947954
45 681 0.0023319615638125275
45 721 8.161702319021237e-6
45 761 0.01114852884781306
45 801 0.007321538958730784
45 841 0.009493620309541633
45 881 0.004094176561033116
45 921 0.03143522878443395
45 961 0.02769031311695765

46 1 0.0017132247954411957
46 41 1.495659759540898e-5
46 81 0.0005922871869299075
46 121 0.03357132105942738
46 161 0.067232184654184
46 201 0.003097369164272676
46 241 0.0017330258886326434
46 281 0.0020328859895802427
46 321 0.026234827611584112
46 361 0.00515647796957025
46 401 1.7452302841248486e-6
46 441 0.0022340355651595486
46 481 0.0341898496285708
46 521 0.004334421000573458
46 561 0.004248703912988912
46 601 0.004795634097683965
46 641 0.0014861898150212239
46 681 0.002395074110874747
46 721 1.459535626187969e-5
46 761 0.010202805144271384
46 801 0.007878323369370633
46 841 0.009762039544424719
46 881 0.003655306504856562
46 921 0.03142379319321276
46 961 0.027737477970272095

47 1 0.0037611623848934684
47 41 1.49749180925345e-5
47 81 0.001391085502728878
47 121 0.05176586031908979
47 161 0.14130037428787295
47 201 0.006906502516179918
47 241 0.003809829109220112
47 281 0.004483172515645797
47 321 0.05759793902537745
47 361 0.009622091751348915
47 401 6.573785665869209e-5
47 441 0.004935548410667855
47 481 0.07543242575127115
47 521 0.010176491016044205
47 561 0.00938503430014713
47 601 0.010558332957992776
47 641 0.0032776398312173833
47 681 0.005266265292538908
47 721 7.282824940051547e-6
47 761 0.017616532514090247
47 801 0.01740248206659945
47 841 0.021555355404390818
47 881 0.007041889304849836
47 921 0.05913396067157317
47 961 0.05754182375373565

48 1 0.0017496446385786989
48 41 1.3793375573870838e-5
48 81 0.0006928230326373701
48 121 0.031665067218997874
48 161 0.06725940695536328
48 201 0.003237522075064459
48 241 0.0018169765145543285
48 281 0.00211021512063155
48 321 0.027069059183329143
48 361 0.0024022840703778955
48 401 0.00025012741766580943
48 441 0.0023297007741679902
48 481 0.03546183303459196
48 521 0.004363167879444959
48 561 0.004419818961459841
48 601 0.0049597048267490795
48 641 0.0015423195621374652
48 681 0.0024851036773801305
48 721 6.628012875459188e-6
48 761 0.006560598623993025
48 801 0.008190753376294158
48 841 0.010152504578092542
48 881 0.0027307253744255537
48 921 0.027990214160198135
48 961 0.027435078345774595

49 1 0.003666531973748446
49 41 1.3917595045283569e-5
49 81 0.001545733420799307
49 121 0.06436096506017473
49 161 0.1410233743889796
49 201 0.006857375316295092
49 241 0.0008494938391324237
49 281 0.004472886783700994
49 321 0.057471090819447346
49 361 7.343799626786785e-5
49 401 0.00020375341815005564
49 441 0.004949383688722514
49 481 0.07539047503882818
49 521 0.009774728982632841
49 561 0.009424520935153138
49 601 0.010511168343521846
49 641 0.0032742772572795613
49 681 0.005261145339925567
49 721 6.7965864225669085e-6
49 761 0.009539680645595662
49 801 0.017374881463617143
49 841 0.021573718573481913
49 881 0.004675091026284302
49 921 0.055655289310478306
49 961 0.05484907551015494

50 1 0.001654616841033653
50 41 1.2671574882871199e-5
50 81 0.0007875675565335154
50 121 0.029092183885042124
50 161 0.06790893962209556
50 201 0.0033188998184979263
50 241 0.001855724428605811
50 281 0.002175050138954218
50 321 0.02784578124337458
50 361 0.001420031698927031
50 401 1.4160278078810988e-6
50 441 0.0024021365165912954
50 481 0.03661350248148635
50 521 0.0043803788012303415
50 561 0.004595483193997368
50 601 0.005095920893525032
50 641 0.0015900767617217121
50 681 0.0025614122729586387
50 721 5.949869457409921e-6
50 761 0.005100299351313676
50 801 0.008364239315025486
50 841 0.01048471233136192
50 881 0.0018367687536506704
50 921 0.027315865216239854
50 961 0.02711289591029229

