10 0   2.933100901655603E-6
10 10  1.2378929491530841E-5
    10 20  2.0588051604902755E-5
    10 30  2.7190941686966532E-5
    10 40  3.290721897852047E-5
    10 60  4.250275971734089E-5
    10 80  5.0350197981567186E-5
    10 100 5.681643648591518E-5
    10 150 6.859558257512272E-5
    10 200 7.652271637806553E-5
    10 250 8.22752949739641E-5
    10 300 8.668070617985642E-5

    20 0   1.362157048411715E-5
    20 10  1.4186557576426701E-5
    20 20  1.9510106350903664E-5
    20 30  2.3880991840192088E-5
    20 40  2.7472817836855655E-5
    20 60  3.282892845070262E-5
    20 80  3.656164586607819E-5
    20 100 3.944614546159667E-5
    20 150 4.434691145348564E-5
    20 200 4.730750444203243E-5
    20 250 4.9180711846180925E-5
    20 300 5.0512424521156164E-5