2 1 0.002587331869727029
2 41 0.002587331869727029
2 81 0.002587331869727029
2 121 0.002587331869727029
2 161 0.002587331869727029
2 201 0.002587331869727029
2 241 0.002587331869727029
2 281 0.002587331869727029
2 321 0.002587331869727029
2 361 0.002587331869727029
2 401 0.002587331869727029
2 441 0.002587331869727029
2 481 0.002587331869727029
2 521 0.002587331869727029
2 561 0.002587331869727029
2 601 0.002587331869727029
2 641 0.002587331869727029
2 681 0.002587331869727029
2 721 0.002587331869727029
2 761 0.002587331869727029
2 801 0.002587331869727029
2 841 0.002587331869727029
2 881 0.002587331869727029
2 921 0.002587331869727029
2 961 0.002587331869727029

3 1 0.000339653649808742
3 41 0.000339653649808742
3 81 0.000339653649808742
3 121 0.000339653649808742
3 161 0.000339653649808742
3 201 0.000339653649808742
3 241 0.000339653649808742
3 281 0.000339653649808742
3 321 0.000339653649808742
3 361 0.000339653649808742
3 401 0.000339653649808742
3 441 0.000339653649808742
3 481 0.000339653649808742
3 521 0.000339653649808742
3 561 0.000339653649808742
3 601 0.000339653649808742
3 641 0.000339653649808742
3 681 0.000339653649808742
3 721 0.000339653649808742
3 761 0.000339653649808742
3 801 0.000339653649808742
3 841 0.000339653649808742
3 881 0.000339653649808742
3 921 0.000339653649808742
3 961 0.000339653649808742

4 1 0.0003542966256904014
4 41 0.0003542966256904014
4 81 0.0003542966256904014
4 121 0.0003542966256904014
4 161 0.0003542966256904014
4 201 0.0003542966256904014
4 241 0.0003542966256904014
4 281 0.0003542966256904014
4 321 0.0003542966256904014
4 361 0.0003542966256904014
4 401 0.0003542966256904014
4 441 0.0003542966256904014
4 481 0.0003542966256904014
4 521 0.0003542966256904014
4 561 0.0003542966256904014
4 601 0.0003542966256904014
4 641 0.0003542966256904014
4 681 0.0003542966256904014
4 721 0.0003542966256904014
4 761 0.0003542966256904014
4 801 0.0003542966256904014
4 841 0.0003542966256904014
4 881 0.0003542966256904014
4 921 0.0003542966256904014
4 961 0.0003542966256904014

5 1 0.002233256478765199
5 41 0.002233256478765199
5 81 0.002233256478765199
5 121 0.002233256478765199
5 161 0.002233256478765199
5 201 0.002233256478765199
5 241 0.002233256478765199
5 281 0.002233256478765199
5 321 0.002233256478765199
5 361 0.002233256478765199
5 401 0.002233256478765199
5 441 0.002233256478765199
5 481 0.002233256478765199
5 521 0.002233256478765199
5 561 0.002233256478765199
5 601 0.002233256478765199
5 641 0.002233256478765199
5 681 0.002233256478765199
5 721 0.002233256478765199
5 761 0.002233256478765199
5 801 0.002233256478765199
5 841 0.002233256478765199
5 881 0.002233256478765199
5 921 0.002233256478765199
5 961 0.002233256478765199

6 1 0.00021239247105448803
6 41 0.00021239247105448803
6 81 0.00021239247105448803
6 121 0.00021239247105448803
6 161 0.00021239247105448803
6 201 0.00021239247105448803
6 241 0.00021239247105448803
6 281 0.00021239247105448803
6 321 0.00021239247105448803
6 361 0.00021239247105448803
6 401 0.00021239247105448803
6 441 0.00021239247105448803
6 481 0.00021239247105448803
6 521 0.00021239247105448803
6 561 0.00021239247105448803
6 601 0.00021239247105448803
6 641 0.00021239247105448803
6 681 0.00021239247105448803
6 721 0.00021239247105448803
6 761 0.00021239247105448803
6 801 0.00021239247105448803
6 841 0.00021239247105448803
6 881 0.00021239247105448803
6 921 0.00021239247105448803
6 961 0.00021239247105448803

7 1 0.000587002717457556
7 41 0.000587002717457556
7 81 0.000587002717457556
7 121 0.000587002717457556
7 161 0.000587002717457556
7 201 0.000587002717457556
7 241 0.000587002717457556
7 281 0.000587002717457556
7 321 0.000587002717457556
7 361 0.000587002717457556
7 401 0.000587002717457556
7 441 0.000587002717457556
7 481 0.000587002717457556
7 521 0.000587002717457556
7 561 0.000587002717457556
7 601 0.000587002717457556
7 641 0.000587002717457556
7 681 0.000587002717457556
7 721 0.000587002717457556
7 761 0.000587002717457556
7 801 0.000587002717457556
7 841 0.000587002717457556
7 881 0.000587002717457556
7 921 0.000587002717457556
7 961 0.000587002717457556

8 1 6.275524762888314e-5
8 41 6.275524762888314e-5
8 81 6.275524762888314e-5
8 121 6.275524762888314e-5
8 161 6.275524762888314e-5
8 201 6.275524762888314e-5
8 241 6.275524762888314e-5
8 281 6.275524762888314e-5
8 321 6.275524762888314e-5
8 361 6.275524762888314e-5
8 401 6.275524762888314e-5
8 441 6.275524762888314e-5
8 481 6.275524762888314e-5
8 521 6.275524762888314e-5
8 561 6.275524762888314e-5
8 601 6.275524762888314e-5
8 641 6.275524762888314e-5
8 681 6.275524762888314e-5
8 721 6.275524762888314e-5
8 761 6.275524762888314e-5
8 801 6.275524762888314e-5
8 841 6.275524762888314e-5
8 881 6.275524762888314e-5
8 921 6.275524762888314e-5
8 961 6.275524762888314e-5

9 1 0.00016015780726771073
9 41 0.00016015780726771073
9 81 0.00016015780726771073
9 121 0.00016015780726771073
9 161 0.00016015780726771073
9 201 0.00016015780726771073
9 241 0.00016015780726771073
9 281 0.00016015780726771073
9 321 0.00016015780726771073
9 361 0.00016015780726771073
9 401 0.00016015780726771073
9 441 0.00016015780726771073
9 481 0.00016015780726771073
9 521 0.00016015780726771073
9 561 0.00016015780726771073
9 601 0.00016015780726771073
9 641 0.00016015780726771073
9 681 0.00016015780726771073
9 721 0.00016015780726771073
9 761 0.00016015780726771073
9 801 0.00016015780726771073
9 841 0.00016015780726771073
9 881 0.00016015780726771073
9 921 0.00016015780726771073
9 961 0.00016015780726771073

10 1 0.00011686285813451231
10 41 0.00011686285813451231
10 81 0.00011686285813451231
10 121 0.00011686285813451231
10 161 0.00011686285813451231
10 201 0.00011686285813451231
10 241 0.00011686285813451231
10 281 0.00011686285813451231
10 321 0.00011686285813451231
10 361 0.00011686285813451231
10 401 0.00011686285813451231
10 441 0.00011686285813451231
10 481 0.00011686285813451231
10 521 0.00011686285813451231
10 561 0.00011686285813451231
10 601 0.00011686285813451231
10 641 0.00011686285813451231
10 681 0.00011686285813451231
10 721 0.00011686285813451231
10 761 0.00011686285813451231
10 801 0.00011686285813451231
10 841 0.00011686285813451231
10 881 0.00011686285813451231
10 921 0.00011686285813451231
10 961 0.00011686285813451231

11 1 0.00013587280054397021
11 41 0.00013587280054397021
11 81 0.00013587280054397021
11 121 0.00013587280054397021
11 161 0.00013587280054397021
11 201 0.00013587280054397021
11 241 0.00013587280054397021
11 281 0.00013587280054397021
11 321 0.00013587280054397021
11 361 0.00013587280054397021
11 401 0.00013587280054397021
11 441 0.00013587280054397021
11 481 0.00013587280054397021
11 521 0.00013587280054397021
11 561 0.00013587280054397021
11 601 0.00013587280054397021
11 641 0.00013587280054397021
11 681 0.00013587280054397021
11 721 0.00013587280054397021
11 761 0.00013587280054397021
11 801 0.00013587280054397021
11 841 0.00013587280054397021
11 881 0.00013587280054397021
11 921 0.00013587280054397021
11 961 0.00013587280054397021

12 1 6.924375177238715e-5
12 41 6.924375177238715e-5
12 81 6.924375177238715e-5
12 121 6.924375177238715e-5
12 161 6.924375177238715e-5
12 201 6.924375177238715e-5
12 241 6.924375177238715e-5
12 281 6.924375177238715e-5
12 321 6.924375177238715e-5
12 361 6.924375177238715e-5
12 401 6.924375177238715e-5
12 441 6.924375177238715e-5
12 481 6.924375177238715e-5
12 521 6.924375177238715e-5
12 561 6.924375177238715e-5
12 601 6.924375177238715e-5
12 641 6.924375177238715e-5
12 681 6.924375177238715e-5
12 721 6.924375177238715e-5
12 761 6.924375177238715e-5
12 801 6.924375177238715e-5
12 841 6.924375177238715e-5
12 881 6.924375177238715e-5
12 921 6.924375177238715e-5
12 961 6.924375177238715e-5

13 1 0.00033795865032780405
13 41 0.00033795865032780405
13 81 0.00033795865032780405
13 121 0.00033795865032780405
13 161 0.00033795865032780405
13 201 0.00033795865032780405
13 241 0.00033795865032780405
13 281 0.00033795865032780405
13 321 0.00033795865032780405
13 361 0.00033795865032780405
13 401 0.00033795865032780405
13 441 0.00033795865032780405
13 481 0.00033795865032780405
13 521 0.00033795865032780405
13 561 0.00033795865032780405
13 601 0.00033795865032780405
13 641 0.00033795865032780405
13 681 0.00033795865032780405
13 721 0.00033795865032780405
13 761 0.00033795865032780405
13 801 0.00033795865032780405
13 841 0.00033795865032780405
13 881 0.00033795865032780405
13 921 0.00033795865032780405
13 961 0.00033795865032780405

14 1 0.0001351682673814699
14 41 0.0001351682673814699
14 81 0.0001351682673814699
14 121 0.0001351682673814699
14 161 0.0001351682673814699
14 201 0.0001351682673814699
14 241 0.0001351682673814699
14 281 0.0001351682673814699
14 321 0.0001351682673814699
14 361 0.0001351682673814699
14 401 0.0001351682673814699
14 441 0.0001351682673814699
14 481 0.0001351682673814699
14 521 0.0001351682673814699
14 561 0.0001351682673814699
14 601 0.0001351682673814699
14 641 0.0001351682673814699
14 681 0.0001351682673814699
14 721 0.0001351682673814699
14 761 0.0001351682673814699
14 801 0.0001351682673814699
14 841 0.0001351682673814699
14 881 0.0001351682673814699
14 921 0.0001351682673814699
14 961 0.0001351682673814699

15 1 0.0001335474712058369
15 41 0.0001335474712058369
15 81 0.0001335474712058369
15 121 0.0001335474712058369
15 161 0.0001335474712058369
15 201 0.0001335474712058369
15 241 0.0001335474712058369
15 281 0.0001335474712058369
15 321 0.0001335474712058369
15 361 0.0001335474712058369
15 401 0.0001335474712058369
15 441 0.0001335474712058369
15 481 0.0001335474712058369
15 521 0.0001335474712058369
15 561 0.0001335474712058369
15 601 0.0001335474712058369
15 641 0.0001335474712058369
15 681 0.0001335474712058369
15 721 0.0001335474712058369
15 761 0.0001335474712058369
15 801 0.0001335474712058369
15 841 0.0001335474712058369
15 881 0.0001335474712058369
15 921 0.0001335474712058369
15 961 0.0001335474712058369

16 1 8.04938122493281e-5
16 41 8.04938122493281e-5
16 81 8.04938122493281e-5
16 121 8.04938122493281e-5
16 161 8.04938122493281e-5
16 201 8.04938122493281e-5
16 241 8.04938122493281e-5
16 281 8.04938122493281e-5
16 321 8.04938122493281e-5
16 361 8.04938122493281e-5
16 401 8.04938122493281e-5
16 441 8.04938122493281e-5
16 481 8.04938122493281e-5
16 521 8.04938122493281e-5
16 561 8.04938122493281e-5
16 601 8.04938122493281e-5
16 641 8.04938122493281e-5
16 681 8.04938122493281e-5
16 721 8.04938122493281e-5
16 761 8.04938122493281e-5
16 801 8.04938122493281e-5
16 841 8.04938122493281e-5
16 881 8.04938122493281e-5
16 921 8.04938122493281e-5
16 961 8.04938122493281e-5

17 1 0.0003753479884204685
17 41 0.0003753479884204685
17 81 0.0003753479884204685
17 121 0.0003753479884204685
17 161 0.0003753479884204685
17 201 0.0003753479884204685
17 241 0.0003753479884204685
17 281 0.0003753479884204685
17 321 0.0003753479884204685
17 361 0.0003753479884204685
17 401 0.0003753479884204685
17 441 0.0003753479884204685
17 481 0.0003753479884204685
17 521 0.0003753479884204685
17 561 0.0003753479884204685
17 601 0.0003753479884204685
17 641 0.0003753479884204685
17 681 0.0003753479884204685
17 721 0.0003753479884204685
17 761 0.0003753479884204685
17 801 0.0003753479884204685
17 841 0.0003753479884204685
17 881 0.0003753479884204685
17 921 0.0003753479884204685
17 961 0.0003753479884204685

18 1 7.112250857211435e-5
18 41 7.112250857211435e-5
18 81 7.112250857211435e-5
18 121 7.112250857211435e-5
18 161 7.112250857211435e-5
18 201 7.112250857211435e-5
18 241 7.112250857211435e-5
18 281 7.112250857211435e-5
18 321 7.112250857211435e-5
18 361 7.112250857211435e-5
18 401 7.112250857211435e-5
18 441 7.112250857211435e-5
18 481 7.112250857211435e-5
18 521 7.112250857211435e-5
18 561 7.112250857211435e-5
18 601 7.112250857211435e-5
18 641 7.112250857211435e-5
18 681 7.112250857211435e-5
18 721 7.112250857211435e-5
18 761 7.112250857211435e-5
18 801 7.112250857211435e-5
18 841 7.112250857211435e-5
18 881 7.112250857211435e-5
18 921 7.112250857211435e-5
18 961 7.112250857211435e-5

19 1 0.00032006858778980247
19 41 0.00032006858778980247
19 81 0.00032006858778980247
19 121 0.00032006858778980247
19 161 0.00032006858778980247
19 201 0.00032006858778980247
19 241 0.00032006858778980247
19 281 0.00032006858778980247
19 321 0.00032006858778980247
19 361 0.00032006858778980247
19 401 0.00032006858778980247
19 441 0.00032006858778980247
19 481 0.00032006858778980247
19 521 0.00032006858778980247
19 561 0.00032006858778980247
19 601 0.00032006858778980247
19 641 0.00032006858778980247
19 681 0.00032006858778980247
19 721 0.00032006858778980247
19 761 0.00032006858778980247
19 801 0.00032006858778980247
19 841 0.00032006858778980247
19 881 0.00032006858778980247
19 921 0.00032006858778980247
19 961 0.00032006858778980247

20 1 0.00017350652073400735
20 41 0.00017350652073400735
20 81 0.00017350652073400735
20 121 0.00017350652073400735
20 161 0.00017350652073400735
20 201 0.00017350652073400735
20 241 0.00017350652073400735
20 281 0.00017350652073400735
20 321 0.00017350652073400735
20 361 0.00017350652073400735
20 401 0.00017350652073400735
20 441 0.00017350652073400735
20 481 0.00017350652073400735
20 521 0.00017350652073400735
20 561 0.00017350652073400735
20 601 0.00017350652073400735
20 641 0.00017350652073400735
20 681 0.00017350652073400735
20 721 0.00017350652073400735
20 761 0.00017350652073400735
20 801 0.00017350652073400735
20 841 0.00017350652073400735
20 881 0.00017350652073400735
20 921 0.00017350652073400735
20 961 0.00017350652073400735

21 1 7.843743006436874e-5
21 41 7.843743006436874e-5
21 81 7.843743006436874e-5
21 121 7.843743006436874e-5
21 161 7.843743006436874e-5
21 201 7.843743006436874e-5
21 241 7.843743006436874e-5
21 281 7.843743006436874e-5
21 321 7.843743006436874e-5
21 361 7.843743006436874e-5
21 401 7.843743006436874e-5
21 441 7.843743006436874e-5
21 481 7.843743006436874e-5
21 521 7.843743006436874e-5
21 561 7.843743006436874e-5
21 601 7.843743006436874e-5
21 641 7.843743006436874e-5
21 681 7.843743006436874e-5
21 721 7.843743006436874e-5
21 761 7.843743006436874e-5
21 801 7.843743006436874e-5
21 841 7.843743006436874e-5
21 881 7.843743006436874e-5
21 921 7.843743006436874e-5
21 961 7.843743006436874e-5

22 1 9.11125415307061e-5
22 41 9.11125415307061e-5
22 81 9.11125415307061e-5
22 121 9.11125415307061e-5
22 161 9.11125415307061e-5
22 201 9.11125415307061e-5
22 241 9.11125415307061e-5
22 281 9.11125415307061e-5
22 321 9.11125415307061e-5
22 361 9.11125415307061e-5
22 401 9.11125415307061e-5
22 441 9.11125415307061e-5
22 481 9.11125415307061e-5
22 521 9.11125415307061e-5
22 561 9.11125415307061e-5
22 601 9.11125415307061e-5
22 641 9.11125415307061e-5
22 681 9.11125415307061e-5
22 721 9.11125415307061e-5
22 761 9.11125415307061e-5
22 801 9.11125415307061e-5
22 841 9.11125415307061e-5
22 881 9.11125415307061e-5
22 921 9.11125415307061e-5
22 961 9.11125415307061e-5

23 1 0.000287913906922228
23 41 0.000287913906922228
23 81 0.000287913906922228
23 121 0.000287913906922228
23 161 0.000287913906922228
23 201 0.000287913906922228
23 241 0.000287913906922228
23 281 0.000287913906922228
23 321 0.000287913906922228
23 361 0.000287913906922228
23 401 0.000287913906922228
23 441 0.000287913906922228
23 481 0.000287913906922228
23 521 0.000287913906922228
23 561 0.000287913906922228
23 601 0.000287913906922228
23 641 0.000287913906922228
23 681 0.000287913906922228
23 721 0.000287913906922228
23 761 0.000287913906922228
23 801 0.000287913906922228
23 841 0.000287913906922228
23 881 0.000287913906922228
23 921 0.000287913906922228
23 961 0.000287913906922228

24 1 0.00018350140886813605
24 41 0.00018350140886813605
24 81 0.00018350140886813605
24 121 0.00018350140886813605
24 161 0.00018350140886813605
24 201 0.00018350140886813605
24 241 0.00018350140886813605
24 281 0.00018350140886813605
24 321 0.00018350140886813605
24 361 0.00018350140886813605
24 401 0.00018350140886813605
24 441 0.00018350140886813605
24 481 0.00018350140886813605
24 521 0.00018350140886813605
24 561 0.00018350140886813605
24 601 0.00018350140886813605
24 641 0.00018350140886813605
24 681 0.00018350140886813605
24 721 0.00018350140886813605
24 761 0.00018350140886813605
24 801 0.00018350140886813605
24 841 0.00018350140886813605
24 881 0.00018350140886813605
24 921 0.00018350140886813605
24 961 0.00018350140886813605

25 1 0.0005677122029355175
25 41 0.0005677122029355175
25 81 0.0005677122029355175
25 121 0.0005677122029355175
25 161 0.0005677122029355175
25 201 0.0005677122029355175
25 241 0.0005677122029355175
25 281 0.0005677122029355175
25 321 0.0005677122029355175
25 361 0.0005677122029355175
25 401 0.0005677122029355175
25 441 0.0005677122029355175
25 481 0.0005677122029355175
25 521 0.0005677122029355175
25 561 0.0005677122029355175
25 601 0.0005677122029355175
25 641 0.0005677122029355175
25 681 0.0005677122029355175
25 721 0.0005677122029355175
25 761 0.0005677122029355175
25 801 0.0005677122029355175
25 841 0.0005677122029355175
25 881 0.0005677122029355175
25 921 0.0005677122029355175
25 961 0.0005677122029355175

26 1 7.706206881610131e-5
26 41 7.706206881610131e-5
26 81 7.706206881610131e-5
26 121 7.706206881610131e-5
26 161 7.706206881610131e-5
26 201 7.706206881610131e-5
26 241 7.706206881610131e-5
26 281 7.706206881610131e-5
26 321 7.706206881610131e-5
26 361 7.706206881610131e-5
26 401 7.706206881610131e-5
26 441 7.706206881610131e-5
26 481 7.706206881610131e-5
26 521 7.706206881610131e-5
26 561 7.706206881610131e-5
26 601 7.706206881610131e-5
26 641 7.706206881610131e-5
26 681 7.706206881610131e-5
26 721 7.706206881610131e-5
26 761 7.706206881610131e-5
26 801 7.706206881610131e-5
26 841 7.706206881610131e-5
26 881 7.706206881610131e-5
26 921 7.706206881610131e-5
26 961 7.706206881610131e-5

27 1 3.539146565353556e-5
27 41 3.539146565353556e-5
27 81 3.539146565353556e-5
27 121 3.539146565353556e-5
27 161 3.539146565353556e-5
27 201 3.539146565353556e-5
27 241 3.539146565353556e-5
27 281 3.539146565353556e-5
27 321 3.539146565353556e-5
27 361 3.539146565353556e-5
27 401 3.539146565353556e-5
27 441 3.539146565353556e-5
27 481 3.539146565353556e-5
27 521 3.539146565353556e-5
27 561 3.539146565353556e-5
27 601 3.539146565353556e-5
27 641 3.539146565353556e-5
27 681 3.539146565353556e-5
27 721 3.539146565353556e-5
27 761 3.539146565353556e-5
27 801 3.539146565353556e-5
27 841 3.539146565353556e-5
27 881 3.539146565353556e-5
27 921 3.539146565353556e-5
27 961 3.539146565353556e-5

28 1 0.00011831365532341758
28 41 0.00011831365532341758
28 81 0.00011831365532341758
28 121 0.00011831365532341758
28 161 0.00011831365532341758
28 201 0.00011831365532341758
28 241 0.00011831365532341758
28 281 0.00011831365532341758
28 321 0.00011831365532341758
28 361 0.00011831365532341758
28 401 0.00011831365532341758
28 441 0.00011831365532341758
28 481 0.00011831365532341758
28 521 0.00011831365532341758
28 561 0.00011831365532341758
28 601 0.00011831365532341758
28 641 0.00011831365532341758
28 681 0.00011831365532341758
28 721 0.00011831365532341758
28 761 0.00011831365532341758
28 801 0.00011831365532341758
28 841 0.00011831365532341758
28 881 0.00011831365532341758
28 921 0.00011831365532341758
28 961 0.00011831365532341758

29 1 0.000300054496162801
29 41 0.000300054496162801
29 81 0.000300054496162801
29 121 0.000300054496162801
29 161 0.000300054496162801
29 201 0.000300054496162801
29 241 0.000300054496162801
29 281 0.000300054496162801
29 321 0.000300054496162801
29 361 0.000300054496162801
29 401 0.000300054496162801
29 441 0.000300054496162801
29 481 0.000300054496162801
29 521 0.000300054496162801
29 561 0.000300054496162801
29 601 0.000300054496162801
29 641 0.000300054496162801
29 681 0.000300054496162801
29 721 0.000300054496162801
29 761 0.000300054496162801
29 801 0.000300054496162801
29 841 0.000300054496162801
29 881 0.000300054496162801
29 921 0.000300054496162801
29 961 0.000300054496162801

30 1 0.00011522148638792145
30 41 0.00011522148638792145
30 81 0.00011522148638792145
30 121 0.00011522148638792145
30 161 0.00011522148638792145
30 201 0.00011522148638792145
30 241 0.00011522148638792145
30 281 0.00011522148638792145
30 321 0.00011522148638792145
30 361 0.00011522148638792145
30 401 0.00011522148638792145
30 441 0.00011522148638792145
30 481 0.00011522148638792145
30 521 0.00011522148638792145
30 561 0.00011522148638792145
30 601 0.00011522148638792145
30 641 0.00011522148638792145
30 681 0.00011522148638792145
30 721 0.00011522148638792145
30 761 0.00011522148638792145
30 801 0.00011522148638792145
30 841 0.00011522148638792145
30 881 0.00011522148638792145
30 921 0.00011522148638792145
30 961 0.00011522148638792145

31 1 0.00015893038008434832
31 41 0.00015893038008434832
31 81 0.00015893038008434832
31 121 0.00015893038008434832
31 161 0.00015893038008434832
31 201 0.00015893038008434832
31 241 0.00015893038008434832
31 281 0.00015893038008434832
31 321 0.00015893038008434832
31 361 0.00015893038008434832
31 401 0.00015893038008434832
31 441 0.00015893038008434832
31 481 0.00015893038008434832
31 521 0.00015893038008434832
31 561 0.00015893038008434832
31 601 0.00015893038008434832
31 641 0.00015893038008434832
31 681 0.00015893038008434832
31 721 0.00015893038008434832
31 761 0.00015893038008434832
31 801 0.00015893038008434832
31 841 0.00015893038008434832
31 881 0.00015893038008434832
31 921 0.00015893038008434832
31 961 0.00015893038008434832

32 1 5.5513023750595595e-5
32 41 5.5513023750595595e-5
32 81 5.5513023750595595e-5
32 121 5.5513023750595595e-5
32 161 5.5513023750595595e-5
32 201 5.5513023750595595e-5
32 241 5.5513023750595595e-5
32 281 5.5513023750595595e-5
32 321 5.5513023750595595e-5
32 361 5.5513023750595595e-5
32 401 5.5513023750595595e-5
32 441 5.5513023750595595e-5
32 481 5.5513023750595595e-5
32 521 5.5513023750595595e-5
32 561 5.5513023750595595e-5
32 601 5.5513023750595595e-5
32 641 5.5513023750595595e-5
32 681 5.5513023750595595e-5
32 721 5.5513023750595595e-5
32 761 5.5513023750595595e-5
32 801 5.5513023750595595e-5
32 841 5.5513023750595595e-5
32 881 5.5513023750595595e-5
32 921 5.5513023750595595e-5
32 961 5.5513023750595595e-5

33 1 0.00012254569000043025
33 41 0.00012254569000043025
33 81 0.00012254569000043025
33 121 0.00012254569000043025
33 161 0.00012254569000043025
33 201 0.00012254569000043025
33 241 0.00012254569000043025
33 281 0.00012254569000043025
33 321 0.00012254569000043025
33 361 0.00012254569000043025
33 401 0.00012254569000043025
33 441 0.00012254569000043025
33 481 0.00012254569000043025
33 521 0.00012254569000043025
33 561 0.00012254569000043025
33 601 0.00012254569000043025
33 641 0.00012254569000043025
33 681 0.00012254569000043025
33 721 0.00012254569000043025
33 761 0.00012254569000043025
33 801 0.00012254569000043025
33 841 0.00012254569000043025
33 881 0.00012254569000043025
33 921 0.00012254569000043025
33 961 0.00012254569000043025

34 1 0.0001325141872980009
34 41 0.0001325141872980009
34 81 0.0001325141872980009
34 121 0.0001325141872980009
34 161 0.0001325141872980009
34 201 0.0001325141872980009
34 241 0.0001325141872980009
34 281 0.0001325141872980009
34 321 0.0001325141872980009
34 361 0.0001325141872980009
34 401 0.0001325141872980009
34 441 0.0001325141872980009
34 481 0.0001325141872980009
34 521 0.0001325141872980009
34 561 0.0001325141872980009
34 601 0.0001325141872980009
34 641 0.0001325141872980009
34 681 0.0001325141872980009
34 721 0.0001325141872980009
34 761 0.0001325141872980009
34 801 0.0001325141872980009
34 841 0.0001325141872980009
34 881 0.0001325141872980009
34 921 0.0001325141872980009
34 961 0.0001325141872980009

35 1 0.00034546644693087117
35 41 0.00034546644693087117
35 81 0.00034546644693087117
35 121 0.00034546644693087117
35 161 0.00034546644693087117
35 201 0.00034546644693087117
35 241 0.00034546644693087117
35 281 0.00034546644693087117
35 321 0.00034546644693087117
35 361 0.00034546644693087117
35 401 0.00034546644693087117
35 441 0.00034546644693087117
35 481 0.00034546644693087117
35 521 0.00034546644693087117
35 561 0.00034546644693087117
35 601 0.00034546644693087117
35 641 0.00034546644693087117
35 681 0.00034546644693087117
35 721 0.00034546644693087117
35 761 0.00034546644693087117
35 801 0.00034546644693087117
35 841 0.00034546644693087117
35 881 0.00034546644693087117
35 921 0.00034546644693087117
35 961 0.00034546644693087117

36 1 9.33587579244319e-5
36 41 9.33587579244319e-5
36 81 9.33587579244319e-5
36 121 9.33587579244319e-5
36 161 9.33587579244319e-5
36 201 9.33587579244319e-5
36 241 9.33587579244319e-5
36 281 9.33587579244319e-5
36 321 9.33587579244319e-5
36 361 9.33587579244319e-5
36 401 9.33587579244319e-5
36 441 9.33587579244319e-5
36 481 9.33587579244319e-5
36 521 9.33587579244319e-5
36 561 9.33587579244319e-5
36 601 9.33587579244319e-5
36 641 9.33587579244319e-5
36 681 9.33587579244319e-5
36 721 9.33587579244319e-5
36 761 9.33587579244319e-5
36 801 9.33587579244319e-5
36 841 9.33587579244319e-5
36 881 9.33587579244319e-5
36 921 9.33587579244319e-5
36 961 9.33587579244319e-5

37 1 0.00022681424805373338
37 41 0.00022681424805373338
37 81 0.00022681424805373338
37 121 0.00022681424805373338
37 161 0.00022681424805373338
37 201 0.00022681424805373338
37 241 0.00022681424805373338
37 281 0.00022681424805373338
37 321 0.00022681424805373338
37 361 0.00022681424805373338
37 401 0.00022681424805373338
37 441 0.00022681424805373338
37 481 0.00022681424805373338
37 521 0.00022681424805373338
37 561 0.00022681424805373338
37 601 0.00022681424805373338
37 641 0.00022681424805373338
37 681 0.00022681424805373338
37 721 0.00022681424805373338
37 761 0.00022681424805373338
37 801 0.00022681424805373338
37 841 0.00022681424805373338
37 881 0.00022681424805373338
37 921 0.00022681424805373338
37 961 0.00022681424805373338

38 1 0.00011289269057518642
38 41 0.00011289269057518642
38 81 0.00011289269057518642
38 121 0.00011289269057518642
38 161 0.00011289269057518642
38 201 0.00011289269057518642
38 241 0.00011289269057518642
38 281 0.00011289269057518642
38 321 0.00011289269057518642
38 361 0.00011289269057518642
38 401 0.00011289269057518642
38 441 0.00011289269057518642
38 481 0.00011289269057518642
38 521 0.00011289269057518642
38 561 0.00011289269057518642
38 601 0.00011289269057518642
38 641 0.00011289269057518642
38 681 0.00011289269057518642
38 721 0.00011289269057518642
38 761 0.00011289269057518642
38 801 0.00011289269057518642
38 841 0.00011289269057518642
38 881 0.00011289269057518642
38 921 0.00011289269057518642
38 961 0.00011289269057518642

39 1 0.00010503164245063802
39 41 0.00010503164245063802
39 81 0.00010503164245063802
39 121 0.00010503164245063802
39 161 0.00010503164245063802
39 201 0.00010503164245063802
39 241 0.00010503164245063802
39 281 0.00010503164245063802
39 321 0.00010503164245063802
39 361 0.00010503164245063802
39 401 0.00010503164245063802
39 441 0.00010503164245063802
39 481 0.00010503164245063802
39 521 0.00010503164245063802
39 561 0.00010503164245063802
39 601 0.00010503164245063802
39 641 0.00010503164245063802
39 681 0.00010503164245063802
39 721 0.00010503164245063802
39 761 0.00010503164245063802
39 801 0.00010503164245063802
39 841 0.00010503164245063802
39 881 0.00010503164245063802
39 921 0.00010503164245063802
39 961 0.00010503164245063802

40 1 0.00010613952962261444
40 41 0.00010613952962261444
40 81 0.00010613952962261444
40 121 0.00010613952962261444
40 161 0.00010613952962261444
40 201 0.00010613952962261444
40 241 0.00010613952962261444
40 281 0.00010613952962261444
40 321 0.00010613952962261444
40 361 0.00010613952962261444
40 401 0.00010613952962261444
40 441 0.00010613952962261444
40 481 0.00010613952962261444
40 521 0.00010613952962261444
40 561 0.00010613952962261444
40 601 0.00010613952962261444
40 641 0.00010613952962261444
40 681 0.00010613952962261444
40 721 0.00010613952962261444
40 761 0.00010613952962261444
40 801 0.00010613952962261444
40 841 0.00010613952962261444
40 881 0.00010613952962261444
40 921 0.00010613952962261444
40 961 0.00010613952962261444

41 1 0.000247037562749046
41 41 0.000247037562749046
41 81 0.000247037562749046
41 121 0.000247037562749046
41 161 0.000247037562749046
41 201 0.000247037562749046
41 241 0.000247037562749046
41 281 0.000247037562749046
41 321 0.000247037562749046
41 361 0.000247037562749046
41 401 0.000247037562749046
41 441 0.000247037562749046
41 481 0.000247037562749046
41 521 0.000247037562749046
41 561 0.000247037562749046
41 601 0.000247037562749046
41 641 0.000247037562749046
41 681 0.000247037562749046
41 721 0.000247037562749046
41 761 0.000247037562749046
41 801 0.000247037562749046
41 841 0.000247037562749046
41 881 0.000247037562749046
41 921 0.000247037562749046
41 961 0.000247037562749046

42 1 6.407622106833496e-5
42 41 6.407622106833496e-5
42 81 6.407622106833496e-5
42 121 6.407622106833496e-5
42 161 6.407622106833496e-5
42 201 6.407622106833496e-5
42 241 6.407622106833496e-5
42 281 6.407622106833496e-5
42 321 6.407622106833496e-5
42 361 6.407622106833496e-5
42 401 6.407622106833496e-5
42 441 6.407622106833496e-5
42 481 6.407622106833496e-5
42 521 6.407622106833496e-5
42 561 6.407622106833496e-5
42 601 6.407622106833496e-5
42 641 6.407622106833496e-5
42 681 6.407622106833496e-5
42 721 6.407622106833496e-5
42 761 6.407622106833496e-5
42 801 6.407622106833496e-5
42 841 6.407622106833496e-5
42 881 6.407622106833496e-5
42 921 6.407622106833496e-5
42 961 6.407622106833496e-5

43 1 0.00018562240137765245
43 41 0.00018562240137765245
43 81 0.00018562240137765245
43 121 0.00018562240137765245
43 161 0.00018562240137765245
43 201 0.00018562240137765245
43 241 0.00018562240137765245
43 281 0.00018562240137765245
43 321 0.00018562240137765245
43 361 0.00018562240137765245
43 401 0.00018562240137765245
43 441 0.00018562240137765245
43 481 0.00018562240137765245
43 521 0.00018562240137765245
43 561 0.00018562240137765245
43 601 0.00018562240137765245
43 641 0.00018562240137765245
43 681 0.00018562240137765245
43 721 0.00018562240137765245
43 761 0.00018562240137765245
43 801 0.00018562240137765245
43 841 0.00018562240137765245
43 881 0.00018562240137765245
43 921 0.00018562240137765245
43 961 0.00018562240137765245

44 1 9.184586354976604e-5
44 41 9.184586354976604e-5
44 81 9.184586354976604e-5
44 121 9.184586354976604e-5
44 161 9.184586354976604e-5
44 201 9.184586354976604e-5
44 241 9.184586354976604e-5
44 281 9.184586354976604e-5
44 321 9.184586354976604e-5
44 361 9.184586354976604e-5
44 401 9.184586354976604e-5
44 441 9.184586354976604e-5
44 481 9.184586354976604e-5
44 521 9.184586354976604e-5
44 561 9.184586354976604e-5
44 601 9.184586354976604e-5
44 641 9.184586354976604e-5
44 681 9.184586354976604e-5
44 721 9.184586354976604e-5
44 761 9.184586354976604e-5
44 801 9.184586354976604e-5
44 841 9.184586354976604e-5
44 881 9.184586354976604e-5
44 921 9.184586354976604e-5
44 961 9.184586354976604e-5

45 1 8.856520464179277e-5
45 41 8.856520464179277e-5
45 81 8.856520464179277e-5
45 121 8.856520464179277e-5
45 161 8.856520464179277e-5
45 201 8.856520464179277e-5
45 241 8.856520464179277e-5
45 281 8.856520464179277e-5
45 321 8.856520464179277e-5
45 361 8.856520464179277e-5
45 401 8.856520464179277e-5
45 441 8.856520464179277e-5
45 481 8.856520464179277e-5
45 521 8.856520464179277e-5
45 561 8.856520464179277e-5
45 601 8.856520464179277e-5
45 641 8.856520464179277e-5
45 681 8.856520464179277e-5
45 721 8.856520464179277e-5
45 761 8.856520464179277e-5
45 801 8.856520464179277e-5
45 841 8.856520464179277e-5
45 881 8.856520464179277e-5
45 921 8.856520464179277e-5
45 961 8.856520464179277e-5

46 1 8.609258867164157e-5
46 41 8.609258867164157e-5
46 81 8.609258867164157e-5
46 121 8.609258867164157e-5
46 161 8.609258867164157e-5
46 201 8.609258867164157e-5
46 241 8.609258867164157e-5
46 281 8.609258867164157e-5
46 321 8.609258867164157e-5
46 361 8.609258867164157e-5
46 401 8.609258867164157e-5
46 441 8.609258867164157e-5
46 481 8.609258867164157e-5
46 521 8.609258867164157e-5
46 561 8.609258867164157e-5
46 601 8.609258867164157e-5
46 641 8.609258867164157e-5
46 681 8.609258867164157e-5
46 721 8.609258867164157e-5
46 761 8.609258867164157e-5
46 801 8.609258867164157e-5
46 841 8.609258867164157e-5
46 881 8.609258867164157e-5
46 921 8.609258867164157e-5
46 961 8.609258867164157e-5

47 1 0.0001901021041805569
47 41 0.0001901021041805569
47 81 0.0001901021041805569
47 121 0.0001901021041805569
47 161 0.0001901021041805569
47 201 0.0001901021041805569
47 241 0.0001901021041805569
47 281 0.0001901021041805569
47 321 0.0001901021041805569
47 361 0.0001901021041805569
47 401 0.0001901021041805569
47 441 0.0001901021041805569
47 481 0.0001901021041805569
47 521 0.0001901021041805569
47 561 0.0001901021041805569
47 601 0.0001901021041805569
47 641 0.0001901021041805569
47 681 0.0001901021041805569
47 721 0.0001901021041805569
47 761 0.0001901021041805569
47 801 0.0001901021041805569
47 841 0.0001901021041805569
47 881 0.0001901021041805569
47 921 0.0001901021041805569
47 961 0.0001901021041805569

48 1 8.454130545490113e-5
48 41 8.454130545490113e-5
48 81 8.454130545490113e-5
48 121 8.454130545490113e-5
48 161 8.454130545490113e-5
48 201 8.454130545490113e-5
48 241 8.454130545490113e-5
48 281 8.454130545490113e-5
48 321 8.454130545490113e-5
48 361 8.454130545490113e-5
48 401 8.454130545490113e-5
48 441 8.454130545490113e-5
48 481 8.454130545490113e-5
48 521 8.454130545490113e-5
48 561 8.454130545490113e-5
48 601 8.454130545490113e-5
48 641 8.454130545490113e-5
48 681 8.454130545490113e-5
48 721 8.454130545490113e-5
48 761 8.454130545490113e-5
48 801 8.454130545490113e-5
48 841 8.454130545490113e-5
48 881 8.454130545490113e-5
48 921 8.454130545490113e-5
48 961 8.454130545490113e-5

49 1 0.00015082526509941583
49 41 0.00015082526509941583
49 81 0.00015082526509941583
49 121 0.00015082526509941583
49 161 0.00015082526509941583
49 201 0.00015082526509941583
49 241 0.00015082526509941583
49 281 0.00015082526509941583
49 321 0.00015082526509941583
49 361 0.00015082526509941583
49 401 0.00015082526509941583
49 441 0.00015082526509941583
49 481 0.00015082526509941583
49 521 0.00015082526509941583
49 561 0.00015082526509941583
49 601 0.00015082526509941583
49 641 0.00015082526509941583
49 681 0.00015082526509941583
49 721 0.00015082526509941583
49 761 0.00015082526509941583
49 801 0.00015082526509941583
49 841 0.00015082526509941583
49 881 0.00015082526509941583
49 921 0.00015082526509941583
49 961 0.00015082526509941583

50 1 7.803764151645923e-5
50 41 7.803764151645923e-5
50 81 7.803764151645923e-5
50 121 7.803764151645923e-5
50 161 7.803764151645923e-5
50 201 7.803764151645923e-5
50 241 7.803764151645923e-5
50 281 7.803764151645923e-5
50 321 7.803764151645923e-5
50 361 7.803764151645923e-5
50 401 7.803764151645923e-5
50 441 7.803764151645923e-5
50 481 7.803764151645923e-5
50 521 7.803764151645923e-5
50 561 7.803764151645923e-5
50 601 7.803764151645923e-5
50 641 7.803764151645923e-5
50 681 7.803764151645923e-5
50 721 7.803764151645923e-5
50 761 7.803764151645923e-5
50 801 7.803764151645923e-5
50 841 7.803764151645923e-5
50 881 7.803764151645923e-5
50 921 7.803764151645923e-5
50 961 7.803764151645923e-5

