2 1 0.0018693918371200217
2 41 0.004668005720192738
2 81 0.002199115114488053
2 121 0.0017691813552734596
2 161 0.015746688440475592
2 201 0.0029583512352777857
2 241 0.0014100416368742997
2 281 0.003822290487405999
2 321 0.001900710924115974
2 361 0.003244662400309191
2 401 0.0023266395125013176
2 441 0.0013393725294748543
2 481 0.003024037268467192
2 521 0.0023491021192511992
2 561 0.0018993503426103563
2 601 0.0015865978350914306
2 641 0.0007204337013122333
2 681 0.0037064509821008607
2 721 0.003474683057516802
2 761 0.012209935095644043
2 801 0.0025950164443057926
2 841 0.001225855765651999
2 881 0.0027233512119603106
2 921 0.0035725564667984815
2 961 0.0037072874892885516

3 1 0.00018621962843064902
3 41 0.0003757850653110123
3 81 0.00023344213784517502
3 121 8.3817167553911e-5
3 161 0.0014767607873062449
3 201 0.00026919204316619254
3 241 0.00013529364597346011
3 281 0.0003063750916104295
3 321 0.00020715887493644793
3 361 0.0003844898894831958
3 401 0.00028152574278588496
3 441 0.00012343124587205266
3 481 0.0003258900786750273
3 521 0.00021125047530099272
3 561 0.00021250988189303724
3 601 0.0001396603485042389
3 641 7.29663195091702e-5
3 681 0.0004309477551693963
3 721 0.00031612915905663446
3 761 0.0011765113271808034
3 801 0.0002198134563891199
3 841 0.00013475458901716873
3 881 0.00024568797852776654
3 921 0.000500946298128505
3 961 0.0005185806442482285

4 1 0.00025005763589233915
4 41 0.0007864471189425146
4 81 0.0002746902696776455
4 121 0.00013107563829484596
4 161 0.0007858971797679272
4 201 0.00036451099225236146
4 241 0.00017959405896649641
4 281 0.0007517227115845416
4 321 0.00033382229442291514
4 361 0.00039459993639187564
4 401 5.511974472853481e-5
4 441 0.0001839431959434697
4 481 0.00029612853531735495
4 521 0.00027272708283476407
4 561 0.00026619404951209254
4 601 0.0002505760448718188
4 641 0.00037003963202518155
4 681 0.00040719293033360097
4 721 0.0004281118293904058
4 761 0.0009122134823864763
4 801 0.0003733253170765768
4 841 0.00016061179083370428
4 881 0.00032132616404241526
4 921 0.0005895497344416242
4 961 0.0005369691715077593

5 1 0.0012216505508150421
5 41 0.00241962500696865
5 81 0.0010172095728728998
5 121 0.0030265669383075073
5 161 0.013979161244685318
5 201 0.0018127439916047882
5 241 0.0007536305754302315
5 281 0.002245837091801839
5 321 0.0018156947467941871
5 361 0.0019346017860673254
5 401 0.003411060856595624
5 441 0.0007872854638867017
5 481 0.0014076800607336559
5 521 0.0008413013866337706
5 561 0.001133251736894498
5 601 0.0012229889837856237
5 641 0.00039395619250105453
5 681 0.0018863906038358012
5 721 0.002151249814675628
5 761 0.01976525400110907
5 801 0.0025692896646166085
5 841 0.0005963602991464565
5 881 0.0010432420920084059
5 921 0.0020190698183069136
5 961 0.00218743669847126

6 1 0.0001101930556367301
6 41 0.00013226492656653185
6 81 0.00010774425413413586
6 121 0.0004923543904791433
6 161 0.004196142774809133
6 201 0.00015710366235241195
6 241 6.783869482821175e-5
6 281 0.0001257696275446753
6 321 7.784542793470694e-5
6 361 6.553842548668382e-5
6 401 0.0032215158762417895
6 441 7.02796625808002e-5
6 481 2.400609307482395e-5
6 521 0.00016639127627285014
6 561 0.0001014284722700547
6 601 9.19189831736798e-5
6 641 0.00011078040426043723
6 681 5.350234706139517e-5
6 721 0.00018608134426751385
6 761 0.0014551204314335257
6 801 0.00013270375758369534
6 841 6.984808259161947e-5
6 881 0.00017726488059173113
6 921 0.00022256456120714967
6 961 0.0002234972562623146

7 1 0.00035325753686645434
7 41 0.0003704095658358243
7 81 0.0004734297937269562
7 121 0.0009636298914313409
7 161 0.0054086128411500595
7 201 0.0004295158711991348
7 241 0.00021271439150952952
7 281 0.00038266712233410937
7 321 0.0005204238719855762
7 361 0.00028465836322509364
7 401 0.004373678521032205
7 441 0.00021960806991896438
7 481 0.0002881776300869093
7 521 0.0004889189258982917
7 561 0.00033721144470389797
7 601 0.0002501755286298259
7 641 0.0002196928690226999
7 681 0.0001854225932963454
7 721 0.000507223252723071
7 761 0.004353345856294291
7 801 0.000735991726562776
7 841 0.00018323260677660815
7 881 0.000524505246853469
7 921 0.0008682445576283835
7 961 0.0007300589928969874

8 1 3.7108584088081644e-5
8 41 0.000115711235169509
8 81 5.0748702495616877e-5
8 121 0.00041587854878761025
8 161 0.0008301821454438478
8 201 4.837649098321603e-5
8 241 1.614539903276269e-5
8 281 0.00014033886664720295
8 321 3.5251550833888036e-5
8 361 0.00011064125098592116
8 401 0.00030933731875745936
8 441 2.343766380796469e-5
8 481 6.394468954906154e-5
8 521 4.5028759068233355e-5
8 561 3.2911551126404215e-5
8 601 2.0189423461039366e-5
8 641 1.7185710039076406e-5
8 681 5.214038232100339e-5
8 721 5.782833558315858e-5
8 761 0.0005081556222683433
8 801 5.931682871965937e-5
8 841 1.7347817195862003e-5
8 881 4.754823004389348e-5
8 921 9.934106399614258e-5
8 961 7.370063836621865e-5

9 1 4.254680260442568e-5
9 41 0.00012302721937708686
9 81 0.0001241271213683471
9 121 0.00022757541037407895
9 161 0.00034951788400066345
9 201 4.300534294145076e-5
9 241 2.8420134035502487e-5
9 281 0.000160186428843397
9 321 2.6393487392963638e-5
9 361 0.0007234785277497188
9 401 0.0003185202409114602
9 441 2.8303675673171327e-5
9 481 0.0001539038845950754
9 521 6.515225375284036e-5
9 561 4.4826603651323556e-5
9 601 5.934241968300339e-5
9 641 3.446608502545161e-5
9 681 0.0001441112237809047
9 721 5.1469369425078146e-5
9 761 0.00043681403185259407
9 801 6.906651781933112e-5
9 841 2.2530898614430723e-5
9 881 6.834813580680969e-5
9 921 0.00012921806800586725
9 961 0.00010842724315679142

10 1 5.682373226942708e-5
10 41 5.006045150361665e-5
10 81 7.631164765058868e-5
10 121 0.00017139920212129196
10 161 0.004137133884553275
10 201 5.291299039973547e-5
10 241 1.4912309510661011e-5
10 281 9.475346400407256e-5
10 321 4.589965599455163e-5
10 361 0.0018927481841062917
10 401 0.00038682885413284575
10 441 3.548776974009856e-5
10 481 0.00033259742716549385
10 521 4.597706147974301e-5
10 561 4.826187185580041e-5
10 601 4.473561878754763e-5
10 641 4.127107856131782e-5
10 681 0.00032082701630153313
10 721 6.113693909976531e-5
10 761 0.0006796543947274076
10 801 7.24271480119945e-5
10 841 1.9565838885435082e-5
10 881 6.566429037899055e-5
10 921 0.00014143215019236108
10 961 8.20081607550297e-5

11 1 0.00023214163356666303
11 41 0.00215597674211057
11 81 0.0005035155850495435
11 121 0.000369431731016179
11 161 0.009275939435589346
11 201 0.00018937395530889455
11 241 0.00016883216739697863
11 281 0.0016970244345772922
11 321 0.0004995835331478553
11 361 0.0035774799089433687
11 401 0.001647318671956887
11 441 0.00014703460501465729
11 481 0.002536210990484027
11 521 0.00045950217972371603
11 561 0.0002373649292997924
11 601 0.000256095874665135
11 641 0.00027353435110136367
11 681 0.002239812273304878
11 721 0.00021317007696788567
11 761 0.0032364546743182845
11 801 0.0003263849384523876
11 841 0.00014364487351213763
11 881 0.0007918487756408046
11 921 0.0006887507001121759
11 961 0.0010176751756261911

12 1 2.611930429397373e-5
12 41 9.214558714497987e-5
12 81 4.6347828298587944e-5
12 121 2.02976110550061e-5
12 161 0.0007984366433599106
12 201 2.308929108953059e-5
12 241 0.00010991769913478754
12 281 0.00015168710688902333
12 321 7.123548024346215e-5
12 361 0.00036359622888912737
12 401 0.0002189731207952359
12 441 1.8092438556195356e-5
12 481 0.0005747035784971774
12 521 0.00019344624712524594
12 561 2.590721087006183e-5
12 601 2.3025141327766304e-5
12 641 3.333346905798223e-5
12 681 0.0004475607305067476
12 721 2.7315365292054816e-5
12 761 0.00027734851738137766
12 801 7.412506891767761e-5
12 841 1.2960617756854956e-5
12 881 6.716297843213821e-5
12 921 0.00012116269741816005
12 961 0.00011830783975574014

13 1 8.073918035040254e-5
13 41 0.00014539213143578087
13 81 0.0001901801380666608
13 121 0.00028072759895333835
13 161 0.000783146147311543
13 201 0.00015663207190133978
13 241 0.00026918599047455244
13 281 0.0004173340590000266
13 321 9.627122946773484e-5
13 361 0.0009621238510928434
13 401 0.0006650161302490828
13 441 4.4433854075201465e-5
13 481 0.003984085845019562
13 521 0.000381378641719154
13 561 4.810520290964408e-5
13 601 0.00013682780437160536
13 641 8.159364340337702e-5
13 681 0.001970395416839724
13 721 0.00017826185017886774
13 761 0.0003959994269562827
13 801 0.00016130659821310904
13 841 5.042187744754e-5
13 881 0.00022247526603305716
13 921 0.00033737299314495414
13 961 0.00036153724235839127

14 1 5.926062595683368e-5
14 41 9.656053448667594e-6
14 81 5.781280383589783e-5
14 121 0.00013067789437731824
14 161 0.0009165350927058586
14 201 0.00013744284108909528
14 241 9.962360891094024e-5
14 281 9.782821691615882e-5
14 321 1.1125780420923384e-5
14 361 0.00022127684716992426
14 401 0.00016666344765500288
14 441 1.3863713996048628e-5
14 481 0.002065440163992247
14 521 9.404235403150166e-5
14 561 1.4516345818573182e-5
14 601 2.5717632579369296e-5
14 641 1.666170763935191e-5
14 681 0.0007639840163347272
14 721 0.00012761805516446528
14 761 0.0005365721123853811
14 801 3.0586126957298314e-5
14 841 5.7055284221462045e-6
14 881 4.046523392884512e-5
14 921 7.922752951311778e-5
14 961 7.506132998349198e-5

15 1 5.9966942944961894e-5
15 41 5.574129422998808e-5
15 81 5.3632260517228366e-5
15 121 0.00039212473115529623
15 161 0.0007117586936146854
15 201 0.0003784718504875448
15 241 0.00010324768827006896
15 281 0.0001986918337808502
15 321 4.95295993925401e-5
15 361 0.00035256741325574096
15 401 0.00028097994765625446
15 441 1.7168489071456604e-5
15 481 0.0008938427606098096
15 521 0.00016088745928603126
15 561 4.687965613775347e-5
15 601 7.77452698335573e-5
15 641 1.9438156660692464e-5
15 681 0.0021852703892507918
15 721 0.0005767176456320314
15 761 0.0009286294322429487
15 801 3.673148601582823e-5
15 841 7.098738044695947e-6
15 881 5.097486346877843e-5
15 921 0.0001517721510022291
15 961 0.00012879057555054713

16 1 9.87506235234788e-5
16 41 0.00011623228618637749
16 81 0.00018927972795006366
16 121 0.0006531182097994693
16 161 0.0012868897666859684
16 201 0.00021127584538756442
16 241 9.542407489578071e-5
16 281 0.0001617141262336284
16 321 3.37385779640882e-5
16 361 0.00030018570069347624
16 401 0.00025215029137686554
16 441 8.823164954172199e-6
16 481 0.0003866221333319313
16 521 0.0001189183654202453
16 561 5.5956482478619934e-5
16 601 4.658755559384563e-5
16 641 7.403244179595626e-6
16 681 0.003268937696847224
16 721 0.0005240690498974915
16 761 0.0005910206934573966
16 801 1.7249898703582487e-5
16 841 4.060140551363657e-5
16 881 2.249341909782368e-5
16 921 0.00012736528644750777
16 961 0.0001620551613996144

17 1 0.00013654860202465683
17 41 0.00039762684868214376
17 81 0.0002730831492523713
17 121 0.002427614841279373
17 161 0.0036991016758909302
17 201 0.00031354309965929563
17 241 0.00015454008053160327
17 281 0.0002960283407341022
17 321 0.00011565100021228593
17 361 0.0005575477143053007
17 401 0.000483516268339611
17 441 1.3664177610174191e-5
17 481 0.00030602888803740193
17 521 0.00017960587580018284
17 561 6.510069695792822e-5
17 601 8.610947448569985e-5
17 641 0.00017620681180684786
17 681 0.013281721218300182
17 721 0.000616220433022318
17 761 0.0013489331207615907
17 801 1.6454262230440204e-5
17 841 2.572400118996418e-5
17 881 7.101056387894394e-5
17 921 0.0002772054302058047
17 961 0.0002736383903153574

18 1 4.725956906267663e-5
18 41 0.0002591984743685294
18 81 6.68696289874019e-5
18 121 0.0031115682569737868
18 161 0.0014244091274937649
18 201 6.237714953424834e-5
18 241 5.3396820879101796e-5
18 281 0.0001105267215087604
18 321 4.4890819542108424e-5
18 361 0.00021225086964435014
18 401 0.00018890302640082925
18 441 1.1094014129402608e-5
18 481 4.758136544930434e-5
18 521 6.236622763851023e-5
18 561 4.7567507465458497e-5
18 601 3.118483528708429e-5
18 641 3.8593350378432215e-5
18 681 0.004775667565723464
18 721 0.00011726949079201793
18 761 0.00029845935000078497
18 801 2.0899089712463553e-5
18 841 5.315453299690001e-6
18 881 1.1766364621200763e-5
18 921 0.00011035785954003842
18 961 0.00011376644485070884

19 1 0.00024248870805462498
19 41 0.0014683011373362483
19 81 0.0006153973427008528
19 121 0.011398921734509142
19 161 0.0030712334270710925
19 201 0.0003363999927510026
19 241 0.00024816616142868576
19 281 0.0005158408996325978
19 321 0.0002383482139809455
19 361 0.0009957843551810827
19 401 0.0009086565263868564
19 441 0.00013767228105550459
19 481 0.0006288616976779799
19 521 0.0005190299918832218
19 561 0.00011254863444988421
19 601 0.00010772772538357954
19 641 0.00015163142276064092
19 681 0.011296046308737089
19 721 0.0008008848352823031
19 761 0.0020357852315682694
19 801 0.00020287372613110181
19 841 4.1166167005571236e-5
19 881 0.0005259809326178787
19 921 0.0005228534145561226
19 961 0.0004847144988824443

20 1 2.6120695094493e-5
20 41 0.00016853768742610466
20 81 6.993834198790778e-5
20 121 0.0006615393352798171
20 161 0.00041607740555980194
20 201 1.7450829443644346e-5
20 241 2.576775878452792e-5
20 281 7.01635772250257e-5
20 321 4.130970281428906e-5
20 361 0.00011709204144058519
20 401 0.0001099093489310925
20 441 4.197317429920298e-5
20 481 0.00013378077978167763
20 521 6.088885412611915e-5
20 561 2.370762131927364e-5
20 601 8.382451958928064e-6
20 641 1.1751936395457591e-5
20 681 0.0008612172097485228
20 721 5.24714157316529e-5
20 761 0.00019571657169179776
20 801 6.998609431910194e-5
20 841 8.73435759930458e-6
20 881 4.260319364064803e-5
20 921 6.26771073848585e-5
20 961 5.953545037559583e-5

21 1 1.542341668518558e-5
21 41 0.000188713884456126
21 81 3.694781003313834e-5
21 121 0.0002596308818289398
21 161 0.0004637199751151954
21 201 4.3499729360985885e-5
21 241 1.2871597964055774e-5
21 281 4.161207668779007e-5
21 321 3.1868804211975714e-5
21 361 7.444633485011431e-5
21 401 7.141266617718914e-5
21 441 6.188297728655373e-5
21 481 0.00012528245355661468
21 521 3.362204302478983e-5
21 561 1.726314325813343e-5
21 601 5.02535657676732e-6
21 641 3.793846142795408e-6
21 681 0.0003904858530103669
21 721 0.00015677527180426188
21 761 6.429696211891176e-5
21 801 1.0784532710810223e-5
21 841 8.274930453588183e-6
21 881 6.820851592064089e-6
21 921 3.986434806178072e-5
21 961 3.54326779336916e-5

22 1 1.256778529179819e-5
22 41 0.00020020668562965876
22 81 2.7957097608586714e-5
22 121 0.0001434603933459591
22 161 0.0010009341737500933
22 201 0.00013419772845942336
22 241 1.965302717526376e-5
22 281 3.563689089166056e-5
22 321 3.567751775346499e-5
22 361 6.202797794608882e-5
22 401 6.123900336763404e-5
22 441 2.9347606379648122e-5
22 481 0.00014376432411991746
22 521 3.058231579581928e-5
22 561 3.946261975671352e-5
22 601 5.796919981214142e-6
22 641 1.3687777837161298e-5
22 681 0.00023788793345979638
22 721 0.00013136615202288178
22 761 5.6801843738846416e-5
22 801 1.8489795240202826e-5
22 841 9.661559901263932e-6
22 881 8.192731356614866e-6
22 921 3.3426743360814725e-5
22 961 3.687255782013405e-5

23 1 4.309875063706218e-5
23 41 0.0014655270699926997
23 81 0.00010545707447403145
23 121 0.0006064373434436149
23 161 0.006490463137865837
23 201 0.0003994493171968656
23 241 6.78359909743651e-5
23 281 0.00014169254620792767
23 321 0.00016805292018836187
23 361 0.00025006132067937475
23 401 0.00025783342684220325
23 441 7.403281337405025e-5
23 481 0.0007779315545733674
23 521 0.0001174741935036649
23 561 0.0001134799628044511
23 601 3.7854369081159814e-5
23 641 1.9303976521838636e-5
23 681 0.0006686042179009036
23 721 0.0004005666663129522
23 761 0.00016731505210246765
23 801 0.0001753285812356716
23 841 5.204718689329102e-5
23 881 5.521207790539727e-5
23 921 0.00013593435035834465
23 961 0.00016050458841561154

24 1 1.4478969428856323e-5
24 41 0.0008007684458646018
24 81 3.9167529019001226e-5
24 121 0.00012346216736242152
24 161 0.002556418569773728
24 201 0.00021869321625109196
24 241 2.360140686700126e-5
24 281 5.833617734839051e-5
24 321 7.456753198948441e-5
24 361 9.612654948101274e-5
24 401 0.00010714031073986181
24 441 2.1055973943818675e-5
24 481 0.00041143808751874434
24 521 4.809877009658542e-5
24 561 3.725443012210016e-5
24 601 8.45438248730241e-6
24 641 2.385210670175865e-6
24 681 0.00015208060228679554
24 721 0.0001696308685565658
24 761 7.398455258877125e-5
24 801 0.00015511721932927905
24 841 2.7901534332195988e-5
24 881 6.304473114077683e-5
24 921 6.626451241855118e-5
24 961 7.712250062240562e-5

25 1 9.428257544122957e-5
25 41 0.005709127315417077
25 81 0.00012761167822205997
25 121 0.00023048713823344585
25 161 0.015633168875702597
25 201 0.00042162696936406203
25 241 8.102261609582447e-5
25 281 0.00019851466341952613
25 321 0.00038820421878951863
25 361 0.00032161854564275637
25 401 0.00038478507300630603
25 441 5.2810397668662835e-5
25 481 0.0019018645988065088
25 521 0.00015700273564291605
25 561 6.709470024146318e-5
25 601 1.2595525174788478e-5
25 641 2.127552600178231e-5
25 681 0.00018625341726593198
25 721 0.0005003986668768236
25 761 0.00027883982147965103
25 801 0.002304715812737518
25 841 0.00011356990068243662
25 881 0.0007387087990360189
25 921 0.00022988183512735616
25 961 0.00027916407585604246

26 1 1.7876296920785535e-5
26 41 0.0021100539670763363
26 81 1.8584485174674593e-5
26 121 0.00017492045481394924
26 161 0.0005704241155888492
26 201 4.7986939395777066e-5
26 241 1.1871131071325479e-5
26 281 3.383196733398646e-5
26 321 6.147438529693691e-5
26 361 8.242601069367618e-5
26 401 6.804607958172597e-5
26 441 6.1166380329928945e-6
26 481 0.00043810881779140067
26 521 2.4854180116904023e-5
26 561 4.397319104156645e-5
26 601 2.68858845669781e-6
26 641 9.898488782010235e-6
26 681 9.362261278779978e-5
26 721 7.667956376198272e-5
26 761 0.0001305048163318427
26 801 0.00018257288821944495
26 841 2.594957633344322e-5
26 881 9.721414251744257e-5
26 921 4.1534021341120154e-5
26 961 4.5471084530710304e-5

27 1 2.819626961447052e-5
27 41 0.0019506640165906776
27 81 2.7229917134142492e-5
27 121 0.0007619632898867604
27 161 0.002800427962117451
27 201 6.383799591452644e-5
27 241 2.9057967368282683e-5
27 281 6.834838113380707e-5
27 321 0.00010584888124267088
27 361 0.00016147650563578487
27 401 0.0001480771192829399
27 441 7.3221275430874005e-6
27 481 0.0006894752033341058
27 521 5.1861911231785134e-5
27 561 5.0062940969593106e-5
27 601 1.2858902568842525e-5
27 641 5.0931464403554956e-5
27 681 0.0004478868901637817
27 721 0.00014975064182257762
27 761 0.00043668421377590394
27 801 0.00015952391879699496
27 841 7.958648068632446e-5
27 881 9.470925457015282e-5
27 921 9.01616170615741e-5
27 961 0.00010440025324598717

28 1 4.324620753915842e-5
28 41 0.0012022667925635237
28 81 1.5822256517508585e-5
28 121 0.0010908195193641142
28 161 0.0011817717201578946
28 201 6.841574996446914e-5
28 241 5.013805738292912e-5
28 281 5.764168302603043e-5
28 321 0.00011023636384065877
28 361 0.0001355991533046093
28 401 0.0001317231446015831
28 441 4.627960776687745e-6
28 481 0.0005676576310146153
28 521 5.1444612823196645e-5
28 561 3.803892515148751e-5
28 601 1.863459180847242e-5
28 641 0.0001732115846518193
28 681 0.0006827629336972466
28 721 0.00011865142338780169
28 761 0.0012314757174213754
28 801 7.636232087294102e-5
28 841 6.957702520571597e-5
28 881 7.46362149101849e-5
28 921 7.734592363831805e-5
28 961 8.984645279543573e-5

29 1 7.095490368178683e-5
29 41 0.0016434552666621616
29 81 0.00023735039315164397
29 121 0.006173847497241028
29 161 0.0009728712301943932
29 201 8.85206159437777e-5
29 241 8.734938135152456e-5
29 281 0.00010241398748243367
29 321 0.0002474452459484078
29 361 0.00026531927483660933
29 401 0.00026543515699288593
29 441 2.111046827251352e-5
29 481 0.001531458813573247
29 521 7.085519290150973e-5
29 561 7.343395229809121e-5
29 601 3.9134347090780916e-5
29 641 0.0001372293489319192
29 681 0.0021748352896856556
29 721 0.00020607776356974136
29 761 0.0004084835710962333
29 801 8.576325863365483e-5
29 841 0.0001186016447338196
29 881 4.588006685136884e-5
29 921 0.000160459447500226
29 961 0.00018069496533427035

30 1 6.241933621500839e-6
30 41 0.00012617144064353642
30 81 3.8451702488349665e-5
30 121 0.0003761103215897733
30 161 0.0002086275282782002
30 201 7.882456861829226e-6
30 241 8.676181336761602e-6
30 281 1.0567580559583262e-5
30 321 3.8241547899248685e-5
30 361 3.222511288459017e-5
30 401 3.328154468675123e-5
30 441 5.3633754157624335e-6
30 481 0.00024219697184895537
30 521 1.689612131821138e-5
30 561 5.413725604637601e-6
30 601 5.6248899602025435e-6
30 641 6.028060271241542e-6
30 681 0.0004284290601858406
30 721 3.3415214175853e-5
30 761 3.79386024076124e-5
30 801 8.81414059386976e-6
30 841 2.662467931397246e-5
30 881 1.6010321938077455e-5
30 921 1.9783902810606937e-5
30 961 2.2626264413866778e-5

31 1 2.3121421988626115e-5
31 41 0.00024796826378096413
31 81 7.463976957357877e-5
31 121 0.0008086151578558392
31 161 0.0012444002421499352
31 201 7.50164100414735e-5
31 241 2.5031384155152626e-5
31 281 3.055334617600705e-5
31 321 0.0001242784769531135
31 361 9.97739205906055e-5
31 401 0.00010624018682815855
31 441 2.5261064907410394e-5
31 481 0.0009426636762464182
31 521 4.869705091374236e-5
31 561 1.1422560617322877e-5
31 601 2.277510070870459e-5
31 641 6.013670569190857e-6
31 681 0.0021582722561174594
31 721 0.00010245649183005998
31 761 0.00033111562023002266
31 801 9.051250801060784e-6
31 841 8.12621375729457e-5
31 881 2.9964394464381677e-5
31 921 6.192648770061092e-5
31 961 7.128029780314637e-5

32 1 6.052098897312051e-6
32 41 0.0001818669867378386
32 81 1.3888617902345585e-5
32 121 0.00015005616898816371
32 161 5.3830714662503795e-5
32 201 4.558794235045895e-5
32 241 5.898568076350626e-6
32 281 1.7364814906618576e-5
32 321 2.9768642624427942e-5
32 361 2.332211712257952e-5
32 401 2.59476616372749e-5
32 441 1.147598903984606e-5
32 481 0.00027911775084216097
32 521 1.0614697311633742e-5
32 561 1.214246116073891e-6
32 601 6.499281624234433e-6
32 641 2.732137185667016e-6
32 681 0.0009077595618959636
32 721 2.2138512350329653e-5
32 761 7.465812432690084e-5
32 801 6.030383563634004e-6
32 841 4.5607804272545654e-6
32 881 1.565445736846005e-5
32 921 1.4697528920638893e-5
32 961 1.7114393810511225e-5

33 1 1.2104297451564391e-5
33 41 0.0009045166479055215
33 81 1.9787332336626848e-5
33 121 0.00020243088746090812
33 161 0.00010691016100457057
33 201 0.00021153389809025003
33 241 8.815374282113511e-6
33 281 2.0380042712588367e-5
33 321 5.990933606242295e-5
33 361 3.921909870283511e-5
33 401 4.5213269905200494e-5
33 441 2.4077105153968334e-5
33 481 0.0006084396587907302
33 521 3.0028212652859268e-5
33 561 1.641885658146968e-6
33 601 1.4167413723149298e-5
33 641 1.1298061428827822e-5
33 681 0.002908922767896492
33 721 3.5678192577591975e-5
33 761 8.206320283714323e-5
33 801 2.0312404760232517e-5
33 841 1.1521373031088456e-5
33 881 9.069125800967485e-5
33 921 2.5009144244080094e-5
33 961 2.9536266763081083e-5

34 1 1.4033785732488277e-5
34 41 0.00083023430280211
34 81 2.6730233182213562e-5
34 121 0.00025885633233012025
34 161 0.00039878898291073524
34 201 0.0004475992007741193
34 241 1.2484020874506812e-5
34 281 2.4250365247700564e-5
34 321 0.00011597202763782328
34 361 6.307135709311974e-5
34 401 7.59603270588969e-5
34 441 1.7213968479214864e-5
34 481 0.0013222117850548193
34 521 3.619082409308795e-5
34 561 7.414574102708322e-6
34 601 2.865611434218868e-5
34 641 3.5675445498032575e-5
34 681 0.005059819976143347
34 721 5.554701853019618e-5
34 761 0.00021327592786590582
34 801 5.427283875878521e-5
34 841 2.7999769414681064e-5
34 881 6.299103043706774e-5
34 921 3.963021468013244e-5
34 961 4.7789992609321295e-5

35 1 2.5875675608820776e-5
35 41 0.0018229897992691057
35 81 6.100750780317129e-5
35 121 0.0017533846233648166
35 161 0.0019469119128671733
35 201 0.000752730146759248
35 241 3.1227846480793375e-5
35 281 4.67609480779284e-5
35 321 0.0004115697724738166
35 361 0.00018676168773816432
35 401 0.00023696190294055026
35 441 3.19444047823777e-5
35 481 0.005753007521445404
35 521 0.00012794274946454671
35 561 4.0679386489094046e-5
35 601 0.00010640726279784795
35 641 0.0002122533526364299
35 681 0.010651752320770392
35 721 0.0001607323704055529
35 761 0.0008904890123511317
35 801 0.00025627193552156964
35 841 0.00010847937791176457
35 881 0.0001594022712822452
35 921 0.00012873386812238823
35 961 0.00015417206488988028

36 1 2.802140143818313e-5
36 41 0.0006668320584988338
36 81 1.3746404026436346e-5
36 121 0.0007016349697083835
36 161 0.0011232597940426994
36 201 0.00022408979678579364
36 241 1.0487734855660131e-5
36 281 1.3820338541225e-5
36 321 0.00019240745445482175
36 361 7.423180313549884e-5
36 401 0.00010251003043015344
36 441 2.236819728838866e-5
36 481 0.004011390476797416
36 521 5.0176741933147245e-5
36 561 2.6113040286872907e-5
36 601 5.3181093190278205e-5
36 641 0.00021749775887029338
36 681 0.0033305978122991605
36 721 6.259136110532232e-5
36 761 0.0004672837100450462
36 801 0.0001686704061059045
36 841 5.257926239764503e-5
36 881 3.3659724418138016e-5
36 921 6.261259870035577e-5
36 961 8.377685526319862e-5

37 1 0.00019706015346306698
37 41 0.0013193419379288393
37 81 5.1985914662999425e-5
37 121 0.0016124450670695855
37 161 0.0033516953459061727
37 201 0.000414141399470588
37 241 5.904290421304574e-5
37 281 0.00016766278192037465
37 321 0.0005088881780062464
37 361 0.00015967274029555597
37 401 0.0002438099539746975
37 441 9.055026065268455e-5
37 481 0.022700283638061616
37 521 0.00012185663225093419
37 561 8.811932344983709e-5
37 601 0.0001483748129980644
37 641 0.0009232163865646992
37 681 0.006353847365139502
37 721 0.00013382317198649076
37 761 0.0013273606434056951
37 801 0.0007221937494328195
37 841 0.00014665498283183943
37 881 0.000175077814599189
37 921 0.00012900977360292453
37 961 0.00018754010248841395

38 1 2.9949843759119652e-5
38 41 0.0002675399306305972
38 81 5.9967385186605075e-5
38 121 0.0003449423740540667
38 161 0.0011505443851147965
38 201 8.046401506568039e-5
38 241 1.5561225976414975e-5
38 281 5.394721732891684e-5
38 321 0.0001381359797247734
38 361 3.317116293718155e-5
38 401 5.899130610513915e-5
38 441 3.646927124534054e-5
38 481 0.0028802615118538938
38 521 2.36995496115446e-5
38 561 2.9912489300582203e-5
38 601 4.2710385759413524e-5
38 641 8.96513249634804e-5
38 681 0.001301820393183163
38 721 2.8251020334356467e-5
38 761 0.00037243567007815324
38 801 0.00030333213427654893
38 841 4.1146021114398745e-5
38 881 0.00010092407534684916
38 921 2.3731772461742764e-5
38 961 4.550174642758943e-5

39 1 1.7213303156039334e-5
39 41 0.0001582081066625284
39 81 0.00011942510521157848
39 121 0.00023900824297965782
39 161 0.0013619820533291769
39 201 4.840611679357592e-5
39 241 6.438372332268501e-6
39 281 1.4911284364582327e-5
39 321 0.00011201450567975843
39 361 1.7944018029261667e-5
39 401 4.70673755838555e-5
39 441 4.569747536286705e-5
39 481 0.0008500672214624644
39 521 1.2891285452706525e-5
39 561 3.0969324575401496e-5
39 601 3.572401147878316e-5
39 641 3.706448727076848e-5
39 681 0.0008063271825630456
39 721 1.8593897879392184e-5
39 761 0.0003243616157646153
39 801 0.0003164929193465873
39 841 3.468610283118464e-5
39 881 6.385520260079674e-5
39 921 2.0131991989250994e-5
39 961 3.43579714334064e-5

40 1 1.4022905494749256e-5
40 41 0.00010879425562908542
40 81 5.6892738467924496e-5
40 121 0.00021918180957587865
40 161 0.0036674842360599163
40 201 7.118198713512633e-5
40 241 1.4519973869959487e-5
40 281 1.1220966272121765e-5
40 321 0.00011808825747045744
40 361 1.1956958170378476e-5
40 401 4.4779291879269614e-5
40 441 5.341042330718891e-5
40 481 0.00037842808678219454
40 521 2.9717601212004796e-5
40 561 4.2618556006968085e-5
40 601 4.015105882688784e-5
40 641 1.9977054044725528e-5
40 681 0.0007624576880237079
40 721 2.3550265913059753e-5
40 761 0.00036324834782040674
40 801 0.0001540818252147589
40 841 3.7692245280605876e-5
40 881 8.307004403669851e-5
40 921 8.77731102995812e-5
40 961 3.338733603638461e-5

41 1 4.126687715418259e-5
41 41 0.00018740339620826446
41 81 0.0001317207670452294
41 121 0.0007094301280498659
41 161 0.0010438354571229273
41 201 0.00018945393105457772
41 241 2.4339016205737133e-5
41 281 4.856526481287512e-5
41 321 0.00043121433819767225
41 361 0.0002933704310905982
41 401 0.00014775910045455222
41 441 9.687823242387803e-5
41 481 0.0004915296549738859
41 521 0.00012228408657632026
41 561 0.00022251302204761582
41 601 0.00015707181041046153
41 641 4.230421276370316e-5
41 681 0.0030817671740484913
41 721 5.8947134049804944e-5
41 761 0.001432017729234715
41 801 0.0002724998630628871
41 841 0.00014407947656475397
41 881 0.0004578434103053787
41 921 0.0001709703696766513
41 961 0.0001131485578326204

42 1 2.703162561830012e-5
42 41 0.0005161802822468117
42 81 6.821536637000855e-5
42 121 0.0004890954924764282
42 161 0.0015681936964862906
42 201 0.00011204443139598319
42 241 2.0475971890713277e-5
42 281 5.268866424531728e-5
42 321 0.000332445101935062
42 361 0.00013015681459488707
42 401 0.00010683199908000737
42 441 5.437183223436852e-5
42 481 0.00024408326185785896
42 521 6.399453111283996e-5
42 561 0.0003002586518120622
42 601 0.00013021187631094252
42 641 0.0001489023741071306
42 681 0.0019370906739151704
42 721 3.0934064612182506e-5
42 761 0.0010593991134069075
42 801 0.00011032306887711286
42 841 9.821312442598608e-5
42 881 9.931169893017847e-5
42 921 0.00010341430673025993
42 961 8.186703925996862e-5

43 1 4.771859649017993e-5
43 41 0.003383710734100155
43 81 0.0001753708398528201
43 121 0.0009128110748020473
43 161 0.0019013752976802776
43 201 0.0002101517162114255
43 241 8.399050921404612e-5
43 281 0.00023423365072276872
43 321 0.000692007659544727
43 361 0.00015414158520220324
43 401 0.00020110011107324547
43 441 0.00020794231077754746
43 481 0.0010584665115987292
43 521 0.0001324116086731127
43 561 0.0013852159007619828
43 601 0.0002934078555311371
43 641 0.00041822089919286146
43 681 0.0034294538508645557
43 721 7.16574007554695e-5
43 761 0.0023485037055963696
43 801 0.00011672886089729036
43 841 0.00020422796847299727
43 881 9.030138209339938e-5
43 921 0.00018430059462570337
43 961 0.00015873946818575782

44 1 7.649410964795434e-6
44 41 0.00026315155015479286
44 81 2.2870480151183986e-5
44 121 0.0001448171158941081
44 161 0.00038792567168502754
44 201 2.838690593880893e-5
44 241 1.1670237974717018e-5
44 281 5.635750544327342e-5
44 321 0.00011860372822177761
44 361 1.5144504598695411e-5
44 401 3.1468630811009227e-5
44 441 6.735704819285377e-5
44 481 0.0002878747409566845
44 521 2.149982889833016e-5
44 561 9.739925855058218e-5
44 601 5.679684906638915e-5
44 641 4.0428483335005204e-5
44 681 0.0005227808254712474
44 721 8.686938743972192e-6
44 761 0.00039754194494734596
44 801 8.254348723790783e-6
44 841 3.675628490852513e-5
44 881 3.341060636346476e-5
44 921 2.8673020176869264e-5
44 961 2.6087280432500273e-5

45 1 3.059623589857309e-6
45 41 7.915525495779505e-5
45 81 8.803262160640519e-6
45 121 6.462066100893199e-5
45 161 0.00025319561935460336
45 201 1.0424581119225803e-5
45 241 3.79535507606535e-6
45 281 3.6458322278289114e-5
45 321 5.7909198538973806e-5
45 361 3.30698818506074e-6
45 401 1.3497080391950014e-5
45 441 2.2120873636180852e-5
45 481 0.00020130507053432497
45 521 8.535825033314587e-6
45 561 2.2917209891401664e-5
45 601 3.15306261915275e-5
45 641 1.3992672277708142e-5
45 681 0.00022744415611740488
45 721 2.484449311739161e-6
45 761 0.00020629372337675086
45 801 2.778663626357915e-6
45 841 1.8347307518379744e-5
45 881 3.3760255588655175e-5
45 921 1.26401474035322e-5
45 961 1.2072856650756117e-5

46 1 3.3915452830368532e-6
46 41 0.00036086405709165467
46 81 8.717917699158476e-6
46 121 7.268007036936615e-5
46 161 0.00036920220356498015
46 201 1.0484350644008356e-5
46 241 3.3633794771884892e-6
46 281 0.00010684321929442068
46 321 7.2334448952567e-5
46 361 9.33695118308677e-6
46 401 1.3838620521856572e-5
46 441 1.5243646573367381e-5
46 481 0.000391164160178987
46 521 8.795315077823093e-6
46 561 1.679602932509753e-5
46 601 4.591602449297176e-5
46 641 1.3529112899730067e-5
46 681 0.00026653439623895383
46 721 1.5644305544706296e-6
46 761 0.00026251515061502745
46 801 7.831633028561189e-6
46 841 2.3058211267970073e-5
46 881 9.643121912280315e-5
46 921 1.3968015291391045e-5
46 961 1.4174381363097575e-5

47 1 1.342492704674407e-5
47 41 0.001097421069475798
47 81 3.269375142037421e-5
47 121 0.00033896972352412153
47 161 0.0019907752602515375
47 201 0.0001423900551927428
47 241 1.3064695258143455e-5
47 281 0.00039508211524990044
47 321 0.0003493229462255875
47 361 0.00012843719570294673
47 401 7.605410341322304e-5
47 441 4.41311609392017e-5
47 481 0.002114796242576432
47 521 3.472247017861407e-5
47 561 5.146611650473517e-5
47 601 0.00027462830270628946
47 641 5.315095074630426e-5
47 681 0.0011522870293812796
47 721 1.2652532947056077e-5
47 761 0.001247836513151283
47 801 6.416761145597976e-5
47 841 0.00011201753084889918
47 881 0.00040947318071525536
47 921 5.6091807541823256e-5
47 961 6.461704567025602e-5

48 1 4.466508623105347e-6
48 41 0.0003224461636742542
48 81 9.673639817577246e-6
48 121 0.00013293917099372417
48 161 0.0009013032878769376
48 201 3.9896929364402715e-5
48 241 3.888707398770121e-6
48 281 8.833570560489273e-5
48 321 0.0001428423185939166
48 361 8.2485443129116e-5
48 401 4.835628968817331e-5
48 441 1.5473890852469158e-5
48 481 0.00019864029332172377
48 521 1.0953017961232043e-5
48 561 1.3544079369017148e-5
48 601 0.00015518778821801686
48 641 1.8152716464134882e-5
48 681 0.000427045796539282
48 721 1.0052583628750415e-5
48 761 0.0005444541492744826
48 801 4.2553190059829776e-5
48 841 4.600402431509948e-5
48 881 6.721225443535631e-5
48 921 2.2784551385359216e-5
48 961 2.4967165658184754e-5

49 1 8.534004718868703e-6
49 41 0.0005966907197669731
49 81 1.2725151548817928e-5
49 121 0.0002639631960863779
49 161 0.00190390498811516
49 201 6.319853559945688e-5
49 241 8.46207914511932e-6
49 281 0.00015515729632951432
49 321 0.0003113257713699791
49 361 0.0005666861520091128
49 401 8.813900124932084e-5
49 441 3.4275490192836e-5
49 481 0.0006907354800077881
49 521 1.559809972740859e-5
49 561 1.8328032390149764e-5
49 601 0.0005962463334627397
49 641 3.3562042139849087e-5
49 681 0.0008467707561431415
49 721 3.426797369113089e-5
49 761 0.0012518946634153942
49 801 0.00017067592471349327
49 841 0.00010055505359963814
49 881 6.111148001832844e-5
49 921 7.467954483205429e-5
49 961 5.1328047919979176e-5

50 1 3.02898646952698e-6
50 41 0.00024525388690864317
50 81 3.1909419296499967e-6
50 121 0.00011231445115479218
50 161 0.0008852758190968182
50 201 2.272637668470565e-5
50 241 2.2807091689654836e-6
50 281 7.401699901594083e-5
50 321 0.00014200321911712448
50 361 0.00019884781900979424
50 401 3.5457367821072194e-5
50 441 1.0377957392238087e-5
50 481 0.0003822808594343565
50 521 1.0650546209328157e-5
50 561 4.716436742213838e-6
50 601 0.00039818335425151325
50 641 1.3283594595792346e-5
50 681 0.0003574907735341661
50 721 2.3318297925437842e-5
50 761 0.0006150854617315911
50 801 3.714577605261398e-5
50 841 4.65546164340531e-5
50 881 2.6780496986583978e-5
50 921 2.8378125629369695e-5
50 961 2.242905735688289e-5

