2 1 0.0025878055803314603
2 41 0.0025878435147884244
2 81 0.0025877595904185494
2 121 0.002587747510425974
2 161 0.002587693457139095
2 201 0.002587711817603227
2 241 0.0025877486498793053
2 281 0.0025878180874184613
2 321 0.0025879198563228353
2 361 0.002587764877169233
2 401 0.002587779076480347
2 441 0.0025879360827714692
2 481 0.0025877557537480832
2 521 0.002587810471373516
2 561 0.002587746624107657
2 601 0.0025878242083372813
2 641 0.0025879037344206635
2 681 0.0025877623729491706
2 721 0.00258771374339871
2 761 0.0025877197689754767
2 801 0.002587807960416501
2 841 0.0025878253629147557
2 881 0.002587808540390196
2 921 0.002588062726628533
2 961 0.0025879301223450347

3 1 0.0003753822279519689
3 41 0.00037562748002103417
3 81 0.0003754048633177012
3 121 0.00037588542557579353
3 161 0.0003754611753168539
3 201 0.00037548338194248753
3 241 0.00037539055527317057
3 281 0.00037558466283995414
3 321 0.0003753943618990677
3 361 0.0003753505589100278
3 401 0.00037533516363628423
3 441 0.0003754541087214598
3 481 0.0003753567971759077
3 521 0.00037547383787270755
3 561 0.0003753806437260685
3 601 0.00037539588433552424
3 641 0.0003753357033110337
3 681 0.0003753483646307399
3 721 0.00037548775965354144
3 761 0.0003754879205822709
3 801 0.00037540294746363846
3 841 0.0003753789763166627
3 881 0.0003754798342658413
3 921 0.000375443910615453
3 961 0.0003754412441990769

4 1 0.0013427120172131823
4 41 0.0013428733492935
4 81 0.0013427043234479595
4 121 0.006265902310334892
4 161 0.0013426710594741965
4 201 0.0013426769360978539
4 241 0.0013426734601576374
4 281 0.0013428414351333592
4 321 0.004302435345965434
4 361 0.0013428633499416415
4 401 0.0013436162449697914
4 441 0.0013752675160306912
4 481 0.0015458643585219262
4 521 0.001342675153251554
4 561 0.0013427061545700115
4 601 0.001343587534453512
4 641 0.023191799742639664
4 681 0.0013429287959487893
4 721 0.0013426782569324585
4 761 0.001342687208892949
4 801 0.001343290542177716
4 841 0.0013427882047349195
4 881 0.001342677144713141
4 921 0.0013437214364284131
4 961 0.0013429618930667314

5 1 0.005333192299430928
5 41 0.005334240697939237
5 81 0.005840164713703285
5 121 0.0426845032758264
5 161 0.00533330563224744
5 201 0.005333298089550682
5 241 0.005333179564669967
5 281 0.005334140197503211
5 321 0.030758981846499434
5 361 0.005333749338955441
5 401 0.005333986245198384
5 441 0.0054988525819147155
5 481 0.005368089504539019
5 521 0.005333172351277691
5 561 0.005333331412020179
5 601 0.005337090241211895
5 641 0.00759637252204225
5 681 0.0053343500258346025
5 721 0.005333302850600981
5 761 0.005333387273014902
5 801 0.005336303183236018
5 841 0.00533369546444515
5 881 0.00533317613639323
5 921 0.005361986519459883
5 961 0.0053339920849626256

6 1 0.001186026246247782
6 41 0.0011848393717680309
6 81 0.001196190398912602
6 121 0.0013378225008243883
6 161 0.0011850935078183147
6 201 0.0011848784172320476
6 241 0.0011851289400358139
6 281 0.0011848244764395518
6 321 0.0022212235121516406
6 361 0.001244317790164067
6 401 0.0015489866041210488
6 441 0.0011978757251206293
6 481 0.0028959541301901144
6 521 0.0011848630022688216
6 561 0.0011907643304595343
6 601 0.001186202386334593
6 641 0.0023218573619418715
6 681 0.0014471964440476654
6 721 0.0011848983584986752
6 761 0.0011850191877821278
6 801 0.0011859211162814176
6 841 0.0012166285875919553
6 881 0.0011848668870640092
6 921 0.003093950499078495
6 961 0.0012816436912040181

7 1 0.005074221017800702
7 41 0.005068215497323497
7 81 0.005375759528772982
7 121 0.005291370830057503
7 161 0.005053523810299571
7 201 0.0050527761158687574
7 241 0.005054219941498277
7 281 0.005067627357904151
7 321 0.015959339972111908
7 361 0.006457210912921742
7 401 0.009164406573832898
7 441 0.005334018021989231
7 481 0.006516682211682652
7 521 0.018504190190049574
7 561 0.005055294111917388
7 601 0.005195136232092117
7 641 0.017928973217069547
7 681 0.010499195024543353
7 721 0.005052836231933433
7 761 0.005053740253425212
7 801 0.0056526336591028485
7 841 0.0052718092422623705
7 881 0.0050665998244715125
7 921 0.010783891130082122
7 961 0.012567752695806683

8 1 0.0009621576326739227
8 41 0.001463637574311722
8 81 0.0010755959156852526
8 121 0.002025578316626614
8 161 0.0008999030474843066
8 201 0.0008437534460447709
8 241 0.0008535538346230876
8 281 0.0013222863835744322
8 321 0.0014592804572699288
8 361 0.0017637613637266358
8 401 0.004012115758882887
8 441 0.0008564259638621588
8 481 0.0019178979262701075
8 521 0.0035616591753885804
8 561 0.0008919322339642849
8 601 0.0012286465402709839
8 641 0.002418671748943058
8 681 0.0017605504146284193
8 721 0.0008453059390934746
8 761 0.0008844609121738109
8 801 0.0023267130921590553
8 841 0.0013490910997910137
8 881 0.0015035481791635728
8 921 0.01315598053021189
8 961 0.00223630417794846

9 1 0.004767998606906357
9 41 0.004295512002231376
9 81 0.008185516305560135
9 121 0.009324600827882454
9 161 0.005331321725995871
9 201 0.001930696982674577
9 241 0.0020289188381211426
9 281 0.004797454125628029
9 321 0.010021709417910259
9 361 0.005120826915098435
9 401 0.011436241801244284
9 441 0.0017838583106947236
9 481 0.004745813845014302
9 521 0.00584236887461766
9 561 0.0036862774390603627
9 601 0.0018768470620848228
9 641 0.005036642344676071
9 681 0.004732154030934487
9 721 0.0019411170070446058
9 761 0.005599500350259721
9 801 0.002351347316244015
9 841 0.0035989269690695196
9 881 0.006687888396415341
9 921 0.07272138968797084
9 961 0.018854768868765782

10 1 0.004173567658575547
10 41 0.0004934454490121373
10 81 0.0007532013197810573
10 121 0.0005309838813031627
10 161 0.0013168487609981814
10 201 0.001828857900869194
10 241 0.0007038468217702063
10 281 0.00048777429123977
10 321 0.0006667289752579547
10 361 0.0023071248642732873
10 401 0.005621452722657486
10 441 0.0004497345070378846
10 481 0.0019396475582032842
10 521 0.0019141751951704733
10 561 0.0007880349789743619
10 601 0.0004497709689074863
10 641 0.0008860274490352084
10 681 0.0018198426719976805
10 721 0.001534683907283331
10 761 0.001920632577529463
10 801 0.00045023148240272025
10 841 0.00177554719811626
10 881 0.0023205374651960064
10 921 0.017252459398777373
10 961 0.002073965513028893

11 1 0.01877635362940337
11 41 0.004711627192770233
11 81 0.010607313082504139
11 121 0.016504066253660646
11 161 0.02037391729553686
11 201 0.004976790903776585
11 241 0.0037676818125152952
11 281 0.0072168920135336915
11 321 0.02066403442693245
11 361 0.010432200924555324
11 401 0.025569295248802564
11 441 0.0012083590193550172
11 481 0.00961224132503448
11 521 0.010806002025953191
11 561 0.004306921984500647
11 601 0.0012084533463211583
11 641 0.0036795573147240953
11 681 0.00835941981367668
11 721 0.005629108614208804
11 761 0.025649105352397887
11 801 0.002173989223473833
11 841 0.024778024680478627
11 881 0.008537130212408428
11 921 0.13285679558640606
11 961 0.07011148531125486

12 1 0.0036204708143270726
12 41 0.0003314141273156945
12 81 0.003838233243142851
12 121 0.009955763180778256
12 161 0.01176171382926146
12 201 0.0012174344776633517
12 241 0.0009408060327734556
12 281 0.00044219859535419773
12 321 0.0012248652504524584
12 361 0.002312757960481007
12 401 0.005899626117172161
12 441 0.0002471805457146233
12 481 0.0020457416727010535
12 521 0.00305850086938698
12 561 0.0015354118735197541
12 601 0.0002644603872511605
12 641 0.0007772596405977796
12 681 0.0018535471041211209
12 721 0.0010730009367451133
12 761 0.006396992116763582
12 801 0.0002643136064493744
12 841 0.000635943737371693
12 881 0.001577315355494255
12 921 0.0348064013531691
12 961 0.017633192586256355

13 1 0.011706564734580803
13 41 0.002066116033761883
13 81 0.009797080908231318
13 121 0.006323151056660532
13 161 0.04161438045245499
13 201 0.006665394300031709
13 241 0.005707057101347615
13 281 0.002709885796678647
13 321 0.019806004874132043
13 361 0.011476945689453179
13 401 0.029198947029750046
13 441 0.0017835419215354693
13 481 0.010482764835233709
13 521 0.02002366837710735
13 561 0.006155330261822537
13 601 0.0018174432075936328
13 641 0.003021044270881238
13 681 0.00943749310298866
13 721 0.009380533890586677
13 761 0.03908108369958187
13 801 0.0018393096122310707
13 841 0.006558530986827654
13 881 0.006496228698655344
13 921 0.055440223238732815
13 961 0.06660450278394264

14 1 0.002440826666659457
14 41 0.0006839690742251178
14 81 0.0015171290986295625
14 121 0.013231526197755554
14 161 0.0095754380655209
14 201 0.0012077190703769117
14 241 0.0013583093256189231
14 281 0.0014622059556576904
14 321 0.0022491411883241736
14 361 0.002498975328715097
14 401 0.006330575639833418
14 441 0.00044277986198175667
14 481 0.0020780616772707312
14 521 0.004728482277186223
14 561 0.0012320444078897123
14 601 0.00044304610637600506
14 641 0.000642094579997533
14 681 0.001957446082449253
14 721 0.002154315895312743
14 761 0.004418120013618669
14 801 0.0004551781704928348
14 841 0.000745944820280384
14 881 0.001104203982537327
14 921 0.026197443430995036
14 961 0.015166821338715985

15 1 0.002743304533281397
15 41 0.0007133446432208369
15 81 0.0012096078318989327
15 121 0.003339651657652452
15 161 0.010363100906496132
15 201 0.001239275062790975
15 241 0.0014858747285686536
15 281 0.0013835023418281417
15 321 0.003225773725076585
15 361 0.002718707084728491
15 401 0.006712955175029526
15 441 0.0003641500978386605
15 481 0.002175037824016516
15 521 0.004721058922471013
15 561 0.0009524267179339547
15 601 0.0013322536757040147
15 641 0.00046070849622148203
15 681 0.0020645735313397965
15 721 0.002015417883550476
15 761 0.0029710672322907313
15 801 0.0011307074448163432
15 841 0.0016282294367716262
15 881 0.0008310124080377286
15 921 0.024614477079476855
15 961 0.027359478045510817

16 1 0.0026068351859735855
16 41 0.0007360952236261087
16 81 0.0008760544465632669
16 121 0.002508693612259331
16 161 0.00739308993404838
16 201 0.0011105721206849338
16 241 0.0014751117833773097
16 281 0.0014636542840423695
16 321 0.004306047909703454
16 361 0.002695963673970602
16 401 0.006491395233525143
16 441 0.000345803102165183
16 481 0.002075378583025598
16 521 0.001820118281013298
16 561 0.0007158078511264879
16 601 0.0013579201590638431
16 641 0.00036724401669066596
16 681 0.002009706037278948
16 721 0.0021987315788697596
16 761 0.002003407073847665
16 801 0.0006300635424219685
16 841 0.001771534480761509
16 881 0.0005471103309863401
16 921 0.023150628623196987
16 961 0.02419774653708335

17 1 0.011323025956307258
17 41 0.0032886962059961926
17 81 0.0035406686027671984
17 121 0.012185710331290511
17 161 0.0589690487067176
17 201 0.002155804665348119
17 241 0.006804514663198171
17 281 0.006503535056167461
17 321 0.02565610084666165
17 361 0.013043930020368306
17 401 0.03041678723957092
17 441 0.0017831776715237148
17 481 0.009272144254835255
17 521 0.0031561261622129505
17 561 0.0025649431717952587
17 601 0.007351748748504893
17 641 0.0018332807202649712
17 681 0.00933347786932963
17 721 0.01734608160397748
17 761 0.00479940567738224
17 801 0.0020125882496120342
17 841 0.009279994126414106
17 881 0.0021174246315559223
17 921 0.10718266152865126
17 961 0.11219706086278863

18 1 0.0027087973039515143
18 41 0.0007628019627222608
18 81 0.0006215830924368248
18 121 0.0032877883592684547
18 161 0.041551825267781256
18 201 0.00047233235357156477
18 241 0.001538945601151403
18 281 0.0011583325196472935
18 321 0.006740083470465669
18 361 0.0029767263403012167
18 401 0.006517632135996523
18 441 0.00047681756122945076
18 481 0.0020548193268735975
18 521 0.0005488953943800563
18 561 0.0005546770626754398
18 601 0.0017225777304228278
18 641 0.0005640953534300657
18 681 0.0020721419763645474
18 721 0.0006403857618337269
18 761 0.0006238025553489224
18 801 0.0005402021045071523
18 841 0.0024148093318787007
18 881 0.0004916250034211656
18 921 0.023950254127917122
18 961 0.020770340449198926

19 1 0.014311944694544328
19 41 0.004324112473348148
19 81 0.0025745712272978193
19 121 0.019797152762451753
19 161 0.15242910627810208
19 201 0.002189718367014003
19 241 0.006747029423998213
19 281 0.005743138802338206
19 321 0.030839600309923203
19 361 0.012273950520691081
19 401 0.026939731311311988
19 441 0.0022123574136731555
19 481 0.0077720596658543235
19 521 0.0023532416823368704
19 561 0.0023702505637797962
19 601 0.006594535694670239
19 641 0.003418849209116562
19 681 0.008712924872592879
19 721 0.002405841948745357
19 761 0.0030036075614582724
19 801 0.0029856938250629912
19 841 0.01097434963839392
19 881 0.0023995539216262836
19 921 0.10129360166781705
19 961 0.054892183682823156

20 1 0.003385202481816744
20 41 0.0011895437634966122
20 81 0.0005914587871153507
20 121 0.006481365675797662
20 161 0.020602278530930985
20 201 0.0005272523455511256
20 241 0.0016936918829054612
20 281 0.001453360441772472
20 321 0.0077036078610008205
20 361 0.0029005895755769224
20 401 0.0063937281651435035
20 441 0.0005427969173965567
20 481 0.0019012769361214318
20 521 0.000593068557323628
20 561 0.0005734250602333699
20 601 0.0014808288025209074
20 641 0.0009087595628633351
20 681 0.00211965035097813
20 721 0.0005510554256738053
20 761 0.0008526426306982039
20 801 0.0007761261088475214
20 841 0.0030742576962873073
20 881 0.0007075442238131284
20 921 0.018807019844031297
20 961 0.011679093343114025

21 1 0.0019861005146758677
21 41 0.0010536735821476697
21 81 0.000547579775569909
21 121 0.006732426630001686
21 161 0.0032707011603593833
21 201 0.00039995677398811256
21 241 0.0014849218344369886
21 281 0.0011972617376114672
21 321 0.006457419140561814
21 361 0.002296572060629247
21 401 0.0049946427734891986
21 441 0.00041045820517189287
21 481 0.0015620077404124649
21 521 0.0004814377434694511
21 561 0.0004426804683348277
21 601 0.0010805139819944857
21 641 0.0006717475662387501
21 681 0.0017482634220912366
21 721 0.0004581319220099315
21 761 0.0009312880115817262
21 801 0.0007585481720983591
21 841 0.0023936101668256813
21 881 0.0005667431776748657
21 921 0.0169188471766167
21 961 0.0086760832253955

22 1 0.001669334467990307
22 41 0.0014444603770486504
22 81 0.0008470632317636705
22 121 0.010577682842069544
22 161 0.0020175768473144036
22 201 0.000476880762917691
22 241 0.002148447178492686
22 281 0.001516729693414017
22 321 0.00865392981059488
22 361 0.002920605776436116
22 401 0.006195533247398347
22 441 0.0004814040068630043
22 481 0.0019798672081114107
22 521 0.0006455204680059751
22 561 0.0005600305801359066
22 601 0.0013402017345164466
22 641 0.0008424692813763978
22 681 0.0022678520040717025
22 721 0.0005730691905211485
22 761 0.0010100670343980139
22 801 0.000999126827800243
22 841 0.0027977783706536192
22 881 0.0006684407487573766
22 921 0.014011375106036434
22 961 0.016132930536003585

23 1 0.004649746225971032
23 41 0.005819772336754351
23 81 0.0039838796864121616
23 121 0.04269364430039413
23 161 0.01943073498929791
23 201 0.0017321702738329302
23 241 0.008658633607999284
23 281 0.005651514346401715
23 321 0.03336627332361751
23 361 0.011710654043462948
23 401 0.023660439497292532
23 441 0.0016257505916558164
23 481 0.007383202380871869
23 521 0.0024917797909944765
23 561 0.0020474481575210144
23 601 0.004880441240831766
23 641 0.003185744477634875
23 681 0.008758736086599793
23 721 0.0024926732531989513
23 761 0.004255367168811781
23 801 0.003815715568992012
23 841 0.01014497052538181
23 881 0.002300390994380376
23 921 0.03502039607567127
23 961 0.08080977361359772

24 1 0.0012596528224680715
24 41 0.0016796253702164423
24 81 0.0012026270996091694
24 121 0.010690924744075856
24 161 0.007013315227328015
24 201 0.0004544256126468313
24 241 0.002418629958395217
24 281 0.0015648442356351725
24 321 0.009399001370197694
24 361 0.003127368404159181
24 401 0.00636672568186616
24 441 0.000413732816811781
24 481 0.002016630095099665
24 521 0.0007290519837108857
24 561 0.0006300374366231121
24 601 0.001285639983142543
24 641 0.000896062880934833
24 681 0.002392736232988005
24 721 0.0009134806354188433
24 761 0.0023330270189538043
24 801 0.0010606968964154502
24 841 0.0028731330292730522
24 881 0.0006407748955588637
24 921 0.008693162363488157
24 961 0.02740092248747347

25 1 0.004523342597730307
25 41 0.0074255469825398
25 81 0.004743276996182467
25 121 0.07213180576890091
25 161 0.057128604615346745
25 201 0.002041771370890748
25 241 0.00784313399375128
25 281 0.004027178784317135
25 321 0.04147361165415501
25 361 0.01083659676778607
25 401 0.02244456444376002
25 441 0.001183566568003572
25 481 0.007181773902792029
25 521 0.0025451441058591258
25 561 0.002195218140131425
25 601 0.011720451944875946
25 641 0.0032435136695754046
25 681 0.008677042028662476
25 721 0.004998101777177265
25 761 0.003891153180465551
25 801 0.0011988689338482605
25 841 0.010083337082237114
25 881 0.0020736616085786563
25 921 0.023859861426623136
25 961 0.07538369373862996

26 1 0.0016476591076533592
26 41 0.0020280553129624446
26 81 0.0013982202758636656
26 121 0.01183400316703965
26 161 0.013582123363912143
26 201 0.0006981044438206088
26 241 0.0022420336843214875
26 281 0.0014044259148006835
26 321 0.011492849467627695
26 361 0.0030181434818523805
26 401 0.006300492925713167
26 441 0.00029885257600860947
26 481 0.002180377991696575
26 521 0.0007707952324081308
26 561 0.0007753421022352144
26 601 0.0030235935947440142
26 641 0.0009681042083052082
26 681 0.0025247944485582937
26 721 0.0016970767428237685
26 761 0.0037077683465884495
26 801 0.0003199190318486521
26 841 0.0029528097637634178
26 881 0.0005955052445416295
26 921 0.021807915722507374
26 961 0.030106605247517054

27 1 0.0014772953113139024
27 41 0.0019319536346499764
27 81 0.0012519643919381932
27 121 0.008622228531950889
27 161 0.01019963439093506
27 201 0.00036373562340489695
27 241 0.0018885891197047374
27 281 0.001290984035190391
27 321 0.0083593411958046
27 361 0.0026115780256466487
27 401 0.005373913238393269
27 441 0.00030467794456410114
27 481 0.001990298684571798
27 521 0.0007001228124419505
27 561 0.0008164040634493336
27 601 0.0010836667850723895
27 641 0.0008811078188723519
27 681 0.002271889545648603
27 721 0.0017634326107722111
27 761 0.005078516585484319
27 801 0.0010192629897237569
27 841 0.002635131937255543
27 881 0.0005690689297813865
27 921 0.020987185093741183
27 961 0.02670656293609983

28 1 0.0018565933811894551
28 41 0.0024380937843412483
28 81 0.001484273542854946
28 121 0.009948161243606785
28 161 0.013016808141221001
28 201 0.0004210648571615654
28 241 0.0020340508762239275
28 281 0.001422053689409163
28 321 0.009318069291224532
28 361 0.002959083095185606
28 401 0.006137924105818027
28 441 0.0003510153312125042
28 481 0.0023897090179316035
28 521 0.0008148145712045207
28 561 0.0010351839228410248
28 601 0.001256677920182149
28 641 0.001046204803671326
28 681 0.002718156966046021
28 721 0.002130605755780687
28 761 0.006346305412140889
28 801 0.0011703541213959633
28 841 0.003283838673512567
28 881 0.0006795532041016209
28 921 0.02117870477579086
28 961 0.027643727319696654

29 1 0.005961884484932143
29 41 0.00847835472484075
29 81 0.0047666926396547375
29 121 0.032945034192359605
29 161 0.04365021254225426
29 201 0.0012558084443244598
29 241 0.00623246748370843
29 281 0.004297098237624225
29 321 0.029261893139949386
29 361 0.009339680328520552
29 401 0.019527586114007286
29 441 0.0010748958205601307
29 481 0.007859206385767602
29 521 0.0025385956435680407
29 561 0.0034903503636771922
29 601 0.0036580155209157707
29 641 0.003357144039557965
29 681 0.00890735012612439
29 721 0.007537339826431911
29 761 0.0192938275190472
29 801 0.0033257526992769774
29 841 0.01094711790743156
29 881 0.0021670691161216607
29 921 0.0424577713198673
29 961 0.058933965042098926

30 1 0.0013993574630347674
30 41 0.0029773627627202705
30 81 0.0015117365152564229
30 121 0.010406665177343491
30 161 0.015942421369406844
30 201 0.0003561155133979415
30 241 0.0018759535994973362
30 281 0.0013571030451142551
30 321 0.013049278138704722
30 361 0.002988478696824441
30 401 0.006100202038525055
30 441 0.00034082647573682756
30 481 0.002621428847055283
30 521 0.0008476870962485842
30 561 0.001190316524828375
30 601 0.0012674375088478993
30 641 0.001088348512045779
30 681 0.0028459361364817273
30 721 0.0026874895635887464
30 761 0.006797591771910239
30 801 0.0013205114144025252
30 841 0.0036427640936881204
30 881 0.0007167277270932822
30 921 0.01344906561836105
30 961 0.02281468805672868

31 1 0.003009588149665649
31 41 0.010335909050278265
31 81 0.005000061669241483
31 121 0.028689195650588167
31 161 0.05381148524250506
31 201 0.0017746928652211328
31 241 0.0052850097219151225
31 281 0.0036640328620713342
31 321 0.03012924296572871
31 361 0.008560230736285783
31 401 0.017406122776064827
31 441 0.0007534719637880935
31 481 0.008131766404998146
31 521 0.0024836466503661424
31 561 0.00277907707043614
31 601 0.0010550902224490963
31 641 0.005153566037493632
31 681 0.008785095591775774
31 721 0.007617406306801172
31 761 0.02458999434968415
31 801 0.0007679330281521092
31 841 0.01701524522058105
31 881 0.002047020771735694
31 921 0.0007380506698055151
31 961 0.0024884382379970873

32 1 0.001169625069725972
32 41 0.0035627087527307067
32 81 0.0015940271380568383
32 121 0.010567000909028072
32 161 0.020473594402936775
32 201 0.000664029492395734
32 241 0.0017233027707235983
32 281 0.001270387318969048
32 321 0.013702271912314828
32 361 0.0025892250345281404
32 401 0.005520259934272296
32 441 0.00042239112604410846
32 481 0.002879544007429426
32 521 0.0007958597386134888
32 561 0.001286587613435701
32 601 0.00031749366058443163
32 641 0.0010233439776302668
32 681 0.0030648842984021423
32 721 0.0025741144124809792
32 761 0.006794637464426872
32 801 0.00027994518700810256
32 841 0.004783024207121033
32 881 0.0007005503112192472
32 921 0.0002283080536925927
32 961 0.0031146790676730117

33 1 0.0010974791369105057
33 41 0.0035613537888161493
33 81 0.0014020547967709632
33 121 0.009703450985912307
33 161 0.01981935590767109
33 201 0.0003111144166842919
33 241 0.0015187483722329171
33 281 0.0011458313759231018
33 321 0.008015996644026262
33 361 0.0022795403418958146
33 401 0.005110947390086367
33 441 0.0002951193810461426
33 481 0.0027592610150437066
33 521 0.0007473039121569013
33 561 0.0013779546463255088
33 601 0.0013158889005962997
33 641 0.0009816517681969369
33 681 0.0029401076789889306
33 721 0.0028779016100105976
33 761 0.006463411948204456
33 801 0.0015697477661933555
33 841 0.0037333676252540846
33 881 0.0006839512309735245
33 921 0.01271402147634471
33 961 0.016417600564679717

34 1 0.0012055576090644383
34 41 0.004201402346464362
34 81 0.0015678119984328805
34 121 0.009372813589725693
34 161 0.024695654121818365
34 201 0.00032283061744881785
34 241 0.0015663549944475686
34 281 0.0012140676837101708
34 321 0.008154405019347995
34 361 0.0023926902711415487
34 401 0.005517028433192684
34 441 0.0003410328199863108
34 481 0.0031310896068656837
34 521 0.0008124506983231295
34 561 0.0015944836016236524
34 601 0.001492662567641287
34 641 0.0010534613878979168
34 681 0.003324996177903733
34 721 0.0029955146778358655
34 761 0.0070696111273101285
34 801 0.0018454316520686506
34 841 0.004204943660205662
34 881 0.0007539615738776057
34 921 0.015698598054327325
34 961 0.015681911778487254

35 1 0.0033333514256353317
35 41 0.012297880831860016
35 81 0.004480370540788324
35 121 0.025152084491741323
35 161 0.0642932649654132
35 201 0.0008648640066567186
35 241 0.004160388652912192
35 281 0.0032139497759986323
35 321 0.02518604836691007
35 361 0.006355579862026796
35 401 0.015146260395538227
35 441 0.000984649447203034
35 481 0.008955850839826399
35 521 0.002206246607397117
35 561 0.00461746680887955
35 601 0.004228279622803171
35 641 0.002794755544045635
35 681 0.009528017411840499
35 721 0.008644815632245275
35 761 0.01764654496483807
35 801 0.005489425447523804
35 841 0.011887855146804554
35 881 0.002085951426613828
35 921 0.03218448448393944
35 961 0.029310427297107512

36 1 0.0012003726675017753
36 41 0.004859369014417047
36 81 0.0016853492072517486
36 121 0.008456873194541433
36 161 0.02880308345657613
36 201 0.0002989078039750642
36 241 0.0014516660214908517
36 281 0.0011593945650150493
36 321 0.00991084893709252
36 361 0.0022349559070939974
36 401 0.005390662734393764
36 441 0.00038926656442272875
36 481 0.0033885413349697587
36 521 0.0008527693142503138
36 561 0.0017504488544619456
36 601 0.001585372496031759
36 641 0.0009544722588557331
36 681 0.0035571781278626088
36 721 0.003022286022118335
36 761 0.007317414186516374
36 801 0.002149906626612604
36 841 0.004384109390018102
36 881 0.0007837401871257267
36 921 0.015376010779162919
36 961 0.012963327787359072

37 1 0.0031064659190657177
37 41 0.013506907776237535
37 81 0.004619926740174005
37 121 0.02449715559365188
37 161 0.08025887805877159
37 201 0.0007426284706436487
37 241 0.0037579153960276726
37 281 0.0029725372644433005
37 321 0.02763867561139497
37 361 0.0056930259777180645
37 401 0.014223930804069813
37 441 0.0011451648833324239
37 481 0.00926165557118615
37 521 0.0023736576671702916
37 561 0.004795939706665987
37 601 0.004259468408312689
37 641 0.002266679635906408
37 681 0.00972949478165743
37 721 0.007649319604047971
37 761 0.020593667092528085
37 801 0.006113189647651911
37 841 0.011832468510035152
37 881 0.002029957613895031
37 921 0.03249663666274977
37 961 0.03154330173939378

38 1 0.001165755226487423
38 41 0.005558912504372287
38 81 0.0018307442968080489
38 121 0.00943586245349534
38 161 0.034392104538182706
38 201 0.00028958315890151136
38 241 0.0013487341539044368
38 281 0.0011370045104443862
38 321 0.010956108314040603
38 361 0.0020473754608170422
38 401 0.005365557793095614
38 441 0.0004922271392125634
38 481 0.0036414443662474458
38 521 0.0009613682893190451
38 561 0.0018835274096234446
38 601 0.0016603405521624956
38 641 0.0007235388403184265
38 681 0.003783621708460992
38 721 0.002661082160019753
38 761 0.008210442494777532
38 801 0.0024863124835409135
38 841 0.004573707344998759
38 881 0.0007860113705196074
38 921 0.01626221667307797
38 961 0.01744992904862097

39 1 0.0011016556893537553
39 41 0.0056838004684584015
39 81 0.001810214764048096
39 121 0.009217739350476543
39 161 0.033104448315413586
39 201 0.0002901993463873784
39 241 0.0011649331752387403
39 281 0.001076571459217837
39 321 0.010883944577042559
39 361 0.001916952418603279
39 401 0.00499337462527144
39 441 0.00055036470439904
39 481 0.003610363124634939
39 521 0.0009317423306812718
39 561 0.0018641126982461217
39 601 0.0016403893344117222
39 641 0.0005033912772070399
39 681 0.0037060638688388224
39 721 0.002440996325986307
39 761 0.00802553114964553
39 801 0.0025577143101980435
39 841 0.004490769711697533
39 881 0.0007261608621433567
39 921 0.015564191534166452
39 961 0.017521722665547333

40 1 0.0011373713581401068
40 41 0.006331647190252987
40 81 0.0019455588244317646
40 121 0.009819405981053126
40 161 0.033330709576089086
40 201 0.00033464281947254425
40 241 0.0009806941643206524
40 281 0.001119244963060529
40 321 0.011776841460239548
40 361 0.0019360020627372497
40 401 0.005217491617293049
40 441 0.0006742490909241046
40 481 0.003908884228828009
40 521 0.0010103557725997636
40 561 0.0020109808889500203
40 601 0.0017718158390742475
40 641 0.0003104946346825281
40 681 0.003983218422716687
40 721 0.0026223908764538787
40 761 0.008344997290111022
40 801 0.0028802299737373735
40 841 0.004824166454529786
40 881 0.0007404617407260748
40 921 0.016203526407398677
40 961 0.01852607148704358

41 1 0.002710540673688358
41 41 0.016047691084111082
41 81 0.004806306681278872
41 121 0.024407990327716945
41 161 0.06442735113705621
41 201 0.0013970202232738357
41 241 0.0016014259143740388
41 281 0.0026463113965258466
41 321 0.030304561109844908
41 361 0.004593745950931709
41 401 0.012521814751458915
41 441 0.0018779774626022593
41 481 0.009815064406281314
41 521 0.0023964001513617707
41 561 0.005012165416165978
41 601 0.004432245149825584
41 641 0.0004943059125784755
41 681 0.010183191021976734
41 721 0.005067183763369717
41 761 0.019592552533993366
41 801 0.0073537301049345334
41 841 0.012036826703264211
41 881 0.0017397436453698272
41 921 0.03069554845119076
41 961 0.031575038226194035

42 1 0.0010873988250109919
42 41 0.007029345082542056
42 81 0.0019966055838844658
42 121 0.009821081866001027
42 161 0.02999465416534073
42 201 0.0007006125617851391
42 241 0.0006839178951966538
42 281 0.0011042421452473559
42 321 0.012740315395505963
42 361 0.0018427941529860514
42 401 0.004907649110399313
42 441 0.0008560841947897221
42 481 0.004051854904035709
42 521 0.001036725133214526
42 561 0.002108053562034476
42 601 0.0018677112868527583
42 641 0.0003323993520778148
42 681 0.004277606797966226
42 721 0.0018819022687368923
42 761 0.00828328653836317
42 801 0.003167876348634991
42 841 0.00501292172816568
42 881 0.0007030343549183166
42 921 0.0161228516807182
42 961 0.018519504091194985

43 1 0.0025296216265906363
43 41 0.017161638795990974
43 81 0.004764542360145224
43 121 0.023360557793564662
43 161 0.052577006122948196
43 201 0.000989939143661191
43 241 0.002013187922220522
43 281 0.0025234716242864396
43 321 0.03175103910083176
43 361 0.004309550973315063
43 401 0.011384220903385861
43 441 0.0022716260960145406
43 481 0.00998781079256109
43 521 0.0027686959553135278
43 561 0.005083697010411813
43 601 0.004548355166786372
43 641 0.0012020083473704114
43 681 0.010404273602423826
43 721 0.005065202986291224
43 761 0.019923713864618796
43 801 0.00783004623832739
43 841 0.012032482966099158
43 881 0.0017235354680182067
43 921 0.029802533289259126
43 961 0.030064262686324582

44 1 0.0010494846060993077
44 41 0.007762842548997992
44 81 0.00204532098693838
44 121 0.009871769115603236
44 161 0.030002493531200287
44 201 0.0004468585103767386
44 241 0.0010080431393070346
44 281 0.0011044296708434486
44 321 0.013313287718767554
44 361 0.0018439978436203684
44 401 0.004607884888123762
44 441 0.0010457843087025753
44 481 0.004362309570459786
44 521 0.0012529541108239582
44 561 0.0022209019979258274
44 601 0.0019965003361959778
44 641 0.0006420011769759984
44 681 0.004505773525381145
44 721 0.0020783508005406386
44 761 0.008456211214547857
44 801 0.003439424720297976
44 841 0.005150221245718587
44 881 0.0007224167967122962
44 921 0.016550940626160634
44 961 0.018330409439115767

45 1 0.0010072932886199405
45 41 0.008033780280123921
45 81 0.0020295509647176905
45 121 0.009863952092664156
45 161 0.030524597772668405
45 201 0.0004611522490899334
45 241 0.0011082126493886606
45 281 0.001094291082274711
45 321 0.013665567481424777
45 361 0.0018690493622568912
45 401 0.004422271860239004
45 441 0.0010815419118775887
45 481 0.004416931563101631
45 521 0.001290334869515109
45 561 0.002247869901594392
45 601 0.0020386748049598443
45 641 0.0007185172119488277
45 681 0.0045318568603213896
45 721 0.0019370470763815308
45 761 0.008277807823819743
45 801 0.003497477561691619
45 841 0.005176747373147225
45 881 0.0007028412271206704
45 921 0.01701995760841236
45 961 0.01797039800944152

46 1 0.0009831964695797518
46 41 0.008648963437723443
46 81 0.0020462800433304275
46 121 0.010428985421561694
46 161 0.031798531048516064
46 201 0.00048465390884285805
46 241 0.0011936202543892868
46 281 0.0011205028476145478
46 321 0.01417757167906373
46 361 0.001976010554573745
46 401 0.004340822333038399
46 441 0.001102564724800161
46 481 0.0045534725910396584
46 521 0.0013468317472781026
46 561 0.0023180239491022102
46 601 0.0021267020332081396
46 641 0.0007825283380091616
46 681 0.004725416512824231
46 721 0.0018644119873162254
46 761 0.008051987136689252
46 801 0.003787035021775839
46 841 0.005302911013408384
46 881 0.0007014971242073668
46 921 0.01740696226720803
46 961 0.01793481212718608

47 1 0.0020454298971912897
47 41 0.018865690372088753
47 81 0.004448038774621873
47 121 0.024362852746380424
47 161 0.06173535969121104
47 201 0.0010837504309491202
47 241 0.0027096002686830263
47 281 0.002417461873774517
47 321 0.032386936524417015
47 361 0.004631839433582788
47 401 0.008504480849261207
47 441 0.0023507166174210614
47 481 0.010161224309224117
47 521 0.0030433303061426723
47 561 0.0051638640031807775
47 601 0.004813808662233709
47 641 0.0017922855484961504
47 681 0.010742448500232553
47 721 0.0037861304450406926
47 761 0.017373444050037785
47 801 0.008613651505441411
47 841 0.011837028646575277
47 881 0.0015197894628856405
47 921 0.02834632949666053
47 961 0.02676789369028493

48 1 0.0009052593349284664
48 41 0.009206840152864769
48 81 0.002026490026713718
48 121 0.010097736811124445
48 161 0.03197071180956237
48 201 0.0005377178629479013
48 241 0.0012025152018651669
48 281 0.0011358538107268785
48 321 0.014917296686429429
48 361 0.0019449683048397557
48 401 0.003972523572836196
48 441 0.0010919462061454235
48 481 0.004767359661496412
48 521 0.0014352512318162286
48 561 0.002417890826598026
48 601 0.002271371758935992
48 641 0.0008514099298390141
48 681 0.004945719254041498
48 721 0.0016717266541345067
48 761 0.007688134760643333
48 801 0.004089078542251724
48 841 0.005454441863534437
48 881 0.0007052359442101691
48 921 0.01774806929722308
48 961 0.017306499689569616

49 1 0.001969006751116154
49 41 0.019215312966594667
49 81 0.004208316723935285
49 121 0.020613339296694528
49 161 0.06405103676461511
49 201 0.0016364104812973555
49 241 0.00028162317703868845
49 281 0.0023526393162709492
49 321 0.032700663260744486
49 361 0.005064022718023136
49 401 0.008593321600285508
49 441 0.002454637152891762
49 481 0.010275755391625624
49 521 0.0023581596866140715
49 561 0.005187164935450295
49 601 0.0049357933415205705
49 641 0.0018081347352234794
49 681 0.011030430900927554
49 721 0.002943130404160837
49 761 0.015353315978635785
49 801 0.008888169864394635
49 841 0.011657252942086551
49 881 0.0013147631232996251
49 921 0.02721455120004309
49 961 0.02432358306830751

50 1 0.0008764249151612082
50 41 0.009602392805926774
50 81 0.0019623581984830464
50 121 0.009481130336231335
50 161 0.030562744029364413
50 201 0.0005581165209244357
50 241 0.0013604048991553174
50 281 0.0011318819639639301
50 321 0.015460691647391743
50 361 0.001954352740175354
50 401 0.0038746895621521843
50 441 0.0013133195881455063
50 481 0.00496494479035753
50 521 0.00016190609775322226
50 561 0.002510520457144428
50 601 0.002407405378720109
50 641 0.0008750785153645663
50 681 0.005177838944196321
50 721 0.0014655695124336755
50 761 0.006936193429741724
50 801 0.00435373699572026
50 841 0.005490979762424364
50 881 0.00016175496086186908
50 921 0.017751165345621562
50 961 0.014370825795164688

